[24, 24, -2, -6, 0, 48, 48, 36, -6, 0, 60, 72, 60, 24, 0, 72, 72, 60, 24, 0, 0, 0, 0, 0, 0, 10, 17, 33, 1, 1]
[0, 12, 12, 24, 0, 0, 12, 36, 48, 0, 0, 36, 60, 72, 0, 0, 36, 60, 72, 0, 0, 0, 0, 0, 0, 10, 32, 31, 2, 1]
[0, 0, 0, 0, 0, 24, 24, 12, -6, 0, 36, 48, 48, 12, 0, 60, 72, 60, 24, 0, 0, 0, 0, 0, 0, 10, 3, 18, 0, 1]
[0, 0, 36, 60, 0, 0, 0, 48, 60, 0, 0, 0, 24, 48, 0, 0, 0, -2, 24, 0, 0, 0, 0, 0, 0, 10, 18, 60, 1, 1]
[48, 60, 60, 48, 0, 12, 48, 48, 48, 0, 12, 12, 24, 12, 0, 12, 0, -2, -2, 0, 0, 0, 0, 0, 0, 10, 33, 77, 1, 1]
[36, 36, 48, 48, 0, 36, 48, 60, 36, 0, 12, 48, 48, 48, 0, 24, 24, 12, 36, 0, 0, 0, 0, 0, 0, 10, 48, 62, 2, 1]
[0, 0, 12, 24, 0, 0, 0, 24, 24, 0, 0, 0, 36, 36, 0, 0, 0, 36, 48, 0, 0, 0, 0, 0, 0, 10, 46, 30, 0, 1]
[0, 0, 0, 0, 0, 0, 12, 24, 12, 0, 0, 24, 24, 36, 0, 0, 36, 36, 48, 0, 0, 0, 0, 0, 0, 10, 17, 16, 2, 1]
[36, -6, -6, -2, 0, 36, 24, -6, -2, 0, 36, 24, 24, -2, 0, 48, 24, -6, -2, 0, 0, 0, 0, 0, 0, 10, 47, 35, 1, 1]
[0, 36, 24, 36, 0, 0, 36, 48, 36, 0, 0, 36, 60, 48, 0, 0, 48, 60, 36, 0, 0, 0, 0, 0, 0, 10, 4, 61, 1, 1]
[0, 0, 24, 36, 0, 0, 0, 24, 48, 0, 0, 0, 36, 60, 0, 0, 0, 36, 60, 0, 0, 0, 0, 0, 0, 10, 34, 60, 2, 1]
[60, 48, 36, 0, 0, 60, 48, 24, 24, 0, 48, 24, 24, -6, 0, 0, 24, 0, 0, 0, 0, 0, 0, 0, 0, 10, 35, 93, 1, 1]
[0, 0, 0, 0, 0, 0, 0, 0, 0, 0, 0, 24, 24, 24, 0, 0, 24, 24, 24, 0, 0, 0, 0, 0, 0, 10, 16, 1, 2, 1]
[0, 0, 24, 24, 0, 0, 0, 36, 36, 0, 0, 0, 48, 48, 0, 0, 0, 24, 48, 0, 0, 0, 0, 0, 0, 10, 2, 45, 0, 1]
[24, -2, -2, 87, 0, 24, 24, 87, 87, 0, 24, 113, 111, 87, 0, 24, 113, 87, 87, 0, 0, 0, 0, 0, 0, 10, 77, 37, 1, 1]
[0, 48, 48, 24, 0, 0, 36, 48, 36, 0, 0, 48, 48, 36, 0, 0, 36, 36, 24, 0, 0, 0, 0, 0, 0, 10, 4, 76, 2, 1]
[12, 36, 12, 12, 0, 36, 48, 36, 12, 0, 36, 48, 36, 36, 0, 48, 48, 60, 36, 0, 0, 0, 0, 0, 0, 10, 19, 62, 1, 1]
[60, 60, 24, -6, 0, 60, 24, 24, 24, 0, 24, 24, 24, 0, 0, -2, 24, -4, -4, 0, 0, 0, 0, 0, 0, 10, 51, 109, 1, 1]
[0, 0, 0, 0, 0, 0, 0, 0, 0, 0, 24, 24, 24, 12, 0, 24, 24, 24, 12, 0, 0, 0, 0, 0, 0, 10, 15, 2, 2, 1]
[0, 0, 0, 0, 0, 0, 0, 0, 0, 0, -6, -2, 24, 87, 0, -6, 24, 113, 113, 0, 0, 0, 0, 0, 0, 10, 107, 7, 1, 1]
[0, 24, 24, 36, 0, 0, 24, 48, 36, 0, 0, 24, 48, 24, 0, 0, 36, 48, 48, 0, 0, 0, 0, 0, 0, 10, 3, 61, 0, 1]
[12, 36, 12, -6, 0, 48, 36, 36, -6, 0, 48, 36, 24, 24, 0, 48, 48, 48, 12, 0, 0, 0, 0, 0, 0, 10, 34, 63, 1, 1]
[0, 0, 12, 36, 0, 0, 0, 24, 48, 0, 0, 0, 36, 36, 0, 0, 0, 36, 36, 0, 0, 0, 0, 0, 0, 10, 20, 75, 2, 1]
[24, 24, 12, -6, 0, 12, 12, 12, 12, 0, 36, 24, 36, -6, 0, 12, 48, 24, 24, 0, 0, 0, 0, 0, 0, 10, 67, 79, 1, 1]
[0, 0, 0, 0, 0, 0, 0, 0, 0, 0, 24, 24, 12, 12, 0, 24, 24, 24, -6, 0, 0, 0, 0, 0, 0, 10, 30, 3, 2, 1]
[0, 0, 0, 0, 0, 24, 24, 99, 115, 0, 24, 99, 113, 87, 0, 73, 111, 87, 87, 0, 0, 0, 0, 0, 0, 10, 105, 23, 1, 1]
[24, 24, 24, 12, 0, 24, 24, 24, 24, 0, 24, 24, 24, 36, 0, 36, 24, 36, 36, 0, 0, 0, 0, 0, 0, 10, 19, 32, 0, 1]
[12, 24, 24, 12, 0, 12, 12, 36, -6, 0, 12, 36, 36, 36, 0, 48, 24, 36, 36, 0, 0, 0, 0, 0, 0, 10, 49, 48, 1, 1]
[0, 0, 12, 12, 0, 0, 0, 36, 24, 0, 0, 0, 24, 36, 0, 0, 0, 36, 36, 0, 0, 0, 0, 0, 0, 10, 5, 60, 2, 1]
[36, 12, -6, 73, 0, 24, 36, 12, 73, 0, 36, 36, 24, 0, 0, 36, 24, 24, 99, 0, 0, 0, 0, 0, 0, 10, 65, 65, 1, 1]
[0, 0, 0, 0, 0, 0, 0, 0, 0, 0, 12, 24, 24, 24, 0, 12, 12, 24, 36, 0, 0, 0, 0, 0, 0, 10, 45, 2, 2, 1]
[0, 0, 0, 0, 0, 0, 0, 0, 0, 0, -2, 24, 113, 115, 0, 24, 113, 113, 113, 0, 0, 0, 0, 0, 0, 10, 121, 8, 1, 1]
[36, 48, 36, 36, 0, 12, 36, 24, 24, 0, 36, 36, 24, 12, 0, 12, 24, -2, -2, 0, 0, 0, 0, 0, 0, 10, 32, 77, 0, 1]
[-4, 24, 12, 24, 0, 24, 12, 36, 24, 0, 24, 48, 36, 36, 0, 12, 24, 36, 36, 0, 0, 0, 0, 0, 0, 10, 48, 47, 1, 1]
[0, 36, 24, 36, 0, 0, 48, 48, 24, 0, 0, 24, 48, 36, 0, 0, 36, 36, 24, 0, 0, 0, 0, 0, 0, 10, 4, 61, 2, 1]
[36, 12, -6, 24, 0, 36, 24, 36, 24, 0, 24, 48, 24, 24, 0, 36, 12, 24, 24, 0, 0, 0, 0, 0, 0, 10, 79, 64, 1, 1]
[0, 0, 0, 0, 0, 0, 0, 0, 0, 0, 12, 12, 12, 12, 0, 24, 24, 12, -6, 0, 0, 0, 0, 0, 0, 10, 30, 3, 2, 1]
[0, 0, 0, 0, 0, 0, 0, 0, 0, 0, 12, 12, 24, 24, 0, 12, -6, -2, 113, 0, 0, 0, 0, 0, 0, 10, 120, 6, 1, 1]
[0, 0, 0, 0, 0, -2, 12, 12, 12, 0, -4, 12, 24, 12, 0, 12, 48, 36, 24, 0, 0, 0, 0, 0, 0, 10, 33, 17, 1, 1]
[0, 36, 36, 48, 0, 0, 24, 36, 36, 0, 0, 36, 36, 36, 0, 0, 12, 36, 12, 0, 0, 0, 0, 0, 0, 10, 19, 76, 2, 1]
[36, 24, 24, 24, 0, 24, 48, 24, 24, 0, 24, 12, 24, -6, 0, 12, 12, 12, 12, 0, 0, 0, 0, 0, 0, 10, 64, 94, 1, 1]
[36, 24, 24, 24, 0, 36, 36, 24, -6, 0, 36, 36, 24, -6, 0, 36, 12, 0, 12, 0, 0, 0, 0, 0, 0, 10, 35, 48, 0, 1]
[36, 36, 36, 24, 0, 24, 36, 36, 24, 0, 24, 24, 36, -6, 0, 24, 24, 12, -6, 0, 0, 0, 0, 0, 0, 10, 45, 33, 2, 1]
[0, 0, 0, 0, 0, 36, 12, 12, 12, 0, 36, 24, 12, 12, 0, 36, 12, 12, 101, 0, 0, 0, 0, 0, 0, 10, 90, 20, 1, 1]
[0, -2, 24, 24, 0, 0, 24, 24, 36, 0, 0, 12, 36, 36, 0, 0, 12, 24, 36, 0, 0, 0, 0, 0, 0, 10, 31, 31, 1, 1]
[-2, 36, 24, 36, 0, 36, 36, 48, 36, 0, 36, 48, 48, 48, 0, 36, 48, 48, 36, 0, 0, 0, 0, 0, 0, 10, 48, 32, 0, 1]
[0, 36, 36, 36, 0, 0, 24, 36, 36, 0, 0, -2, 24, 0, 0, 0, -2, -2, -2, 0, 0, 0, 0, 0, 0, 10, 20, 106, 2, 1]
[24, 24, 24, -2, 0, 24, 24, 24, 24, 0, 36, 24, 24, 29, 0, -2, 24, 29, 29, 0, 0, 0, 0, 0, 0, 10, 66, 110, 1, 1]
[12, 12, 12, -2, 0, 24, 12, 12, 101, 0, 24, 24, 101, 87, 0, 12, 12, 87, 87, 0, 0, 0, 0, 0, 0, 10, 76, 36, 1, 1]
[0, 0, 0, 0, 0, 0, 0, 12, 24, 0, 0, 0, 24, 24, 0, 0, 0, 24, 36, 0, 0, 0, 0, 0, 0, 10, 17, 15, 1, 1]
[0, 0, 0, 0, 0, 0, 0, 0, 0, 0, 0, 24, 24, 24, 0, 0, 24, 24, 36, 0, 0, 0, 0, 0, 0, 10, 32, 1, 0, 1]
[0, 24, 24, 12, 0, 0, 24, 24, 36, 0, 0, 24, 36, 24, 0, 0, 24, 12, 24, 0, 0, 0, 0, 0, 0, 10, 47, 31, 2, 1]
[0, 0, 24, 24, 0, 0, 0, 24, 24, 0, 0, 0, 24, 24, 0, 0, 0, -2, 24, 0, 0, 0, 0, 0, 0, 10, 22, 120, 2, 1]
[0, 0, 12, 87, 0, -6, 24, 87, 87, 0, 24, 24, 113, 87, 0, 24, 24, 111, 111, 0, 0, 0, 0, 0, 0, 10, 82, 96, 1, 1]
[36, 12, 12, -6, 0, 36, 36, 12, -6, 0, 36, 24, 24, 12, 0, 24, 24, 12, -6, 0, 0, 0, 0, 0, 0, 10, 15, 33, 0, 1]
[0, 0, 0, 0, 0, 24, 36, 12, 12, 0, 36, 36, 36, 12, 0, 36, 36, 24, 24, 0, 0, 0, 0, 0, 0, 10, 1, 17, 1, 1]
[12, 36, 24, 24, 0, 36, 36, 36, 24, 0, 36, 36, 36, 36, 0, 36, 36, 36, 12, 0, 0, 0, 0, 0, 0, 10, 17, 32, 2, 1]
[24, -2, 87, 87, 0, 24, 113, 87, 87, 0, 113, 111, 111, 87, 0, 113, 111, 87, 87, 0, 0, 0, 0, 0, 0, 10, 92, 38, 1, 1]
[0, 0, 0, 24, 0, -2, -6, 24, 24, 0, -2, 24, 45, 24, 0, 0, 15, 39, 39, 0, 0, 0, 0, 0, 0, 10, 96, 95, 1, 1]
[0, 0, -2, 12, 0, 0, 0, 24, 0, 0, 0, 0, 24, 24, 0, 0, 0, 24, 24, 0, 0, 0, 0, 0, 0, 10, 8, 105, 2, 1]
[0, 0, 0, 0, 0, 0, 0, 0, 0, 0, 0, 12, 24, 36, 0, 0, 24, 36, 36, 0, 0, 0, 0, 0, 0, 10, 31, 1, 1, 1]
[36, 24, -6, -6, 0, 36, 36, -6, -6, 0, 36, 36, 24, -6, 0, 36, 36, -6, -6, 0, 0, 0, 0, 0, 0, 10, 32, 34, 2, 1]
[0, 0, 24, 24, 0, 0, 0, 24, 24, 0, 0, 0, 24, 24, 0, 0, 0, 24, 24, 0, 0, 0, 0, 0, 0, 10, 47, 30, 0, 1]
[0, 0, 0, 0, 0, -6, -2, -2, 105, 0, 12, -2, 105, 105, 0, 12, 117, 103, 103, 0, 0, 0, 0, 0, 0, 4, 122, 22, 1, 1]
[12, 12, 85, 91, 0, 12, 24, 0, 85, 0, 24, 24, 111, 85, 0, 24, 24, 111, 109, 0, 0, 0, 0, 0, 0, 10, 81, 81, 1, 1]
[0, 0, 12, 12, 0, 0, 0, 0, 12, 0, 0, 0, 36, 12, 0, 0, 0, 24, 36, 0, 0, 0, 0, 0, 0, 10, 7, 75, 2, 1]
[0, 0, 0, 0, 0, 0, 0, 0, 0, 0, 24, 24, 24, 24, 0, 24, 24, 24, 24, 0, 0, 0, 0, 0, 0, 10, 15, 2, 1, 1]
[0, 0, 0, 0, 0, 0, 0, 0, 0, 0, 18, 18, 105, -4, 0, 18, 105, 105, 105, 0, 0, 0, 0, 0, 0, 4, 106, 8, 1, 1]
[0, 0, 0, 0, 0, 0, 0, 0, 0, 0, 24, 24, 24, 24, 0, 24, 24, 36, 12, 0, 0, 0, 0, 0, 0, 10, 2, 3, 0, 1]
[0, 0, 0, 0, 0, 24, 24, 24, 24, 0, 24, 24, 36, 24, 0, 12, 36, 36, 24, 0, 0, 0, 0, 0, 0, 10, 62, 18, 2, 1]
[0, 24, 24, 0, 0, 0, 24, 24, 82, 0, 0, 24, 80, 56, 0, 0, 82, 56, 56, 0, 0, 0, 0, 0, 0, 10, 5, 91, 2, 1]
[24, 24, 111, 109, 0, -6, 24, 111, 109, 0, 58, 0, 24, 85, 0, -4, -4, -2, 28, 0, 0, 0, 0, 0, 0, 10, 95, 111, 1, 1]
[0, 0, 0, 0, 0, 0, 0, 0, 0, 0, 36, 36, 24, -6, 0, 36, 36, 12, 12, 0, 0, 0, 0, 0, 0, 10, 30, 4, 1, 1]
[12, 36, 36, 24, 0, 24, 24, 36, 24, 0, 12, 24, 24, 24, 0, 12, 12, 24, -6, 0, 0, 0, 0, 0, 0, 10, 45, 33, 0, 1]
[0, 0, 0, 0, 0, 18, 18, 105, 107, 0, -2, 105, 105, 105, 0, 85, 85, 103, 85, 0, 0, 0, 0, 0, 0, 4, 120, 23, 1, 1]
[0, 0, 0, 0, 0, 0, 0, 0, 0, 0, 12, 36, 36, 24, 0, 36, 36, 36, 24, 0, 0, 0, 0, 0, 0, 10, 46, 3, 2, 1]
[0, 12, 12, 12, 0, 0, 0, 36, 0, 0, 0, 24, 36, 24, 0, 0, 24, 24, 68, 0, 0, 0, 0, 0, 0, 10, 21, 76, 2, 1]
[24, 111, 109, 85, 0, 24, 109, 109, 54, 0, 24, 54, 54, 28, 0, -2, 24, 28, 28, 0, 0, 0, 0, 0, 0, 10, 97, 127, 1, 1]
[0, 0, 0, 0, 0, 0, 0, 0, 0, 0, 36, 24, 24, 12, 0, 36, 24, 12, 6, 0, 0, 0, 0, 0, 0, 10, 45, 5, 2, 1]
[0, 0, 0, 0, 0, 12, 24, 36, 24, 0, 12, 12, 24, 24, 0, 12, 12, 12, 12, 0, 0, 0, 0, 0, 0, 10, 60, 18, 1, 1]
[0, 0, 0, 0, 0, 0, 0, 0, 0, 0, 18, 18, 18, -4, 0, 18, 18, 18, 18, 0, 0, 0, 0, 0, 0, 4, 121, 9, 1, 1]
[0, 0, 0, 0, 0, 0, 0, 24, 24, 0, 0, 0, 24, 36, 0, 0, 0, 24, 24, 0, 0, 0, 0, 0, 0, 10, 47, 15, 0, 1]
[0, 0, 12, 36, 0, 0, 0, 24, 36, 0, 0, 0, 24, 36, 0, 0, 0, 24, 24, 0, 0, 0, 0, 0, 0, 10, 20, 75, 2, 1]
[75, 51, -6, 80, 0, 75, 24, 38, 38, 0, 24, 50, 54, 38, 0, 77, 77, 24, 24, 0, 0, 0, 0, 0, 0, 10, 113, 129, 1, 1]
[0, 0, 0, 0, 0, 0, 0, 0, 0, 0, 24, 36, 24, 12, 0, 24, 24, 24, 24, 0, 0, 0, 0, 0, 0, 10, 75, 4, 2, 1]
[0, 0, 0, 0, 0, 0, 0, 0, 0, 0, 12, 12, 18, 18, 0, 24, -2, -2, 18, 0, 0, 0, 0, 0, 0, 4, 135, 7, 1, 1]
[0, 0, 24, 36, 0, 0, 0, 24, 24, 0, 0, 0, 36, 24, 0, 0, 0, 12, 36, 0, 0, 0, 0, 0, 0, 10, 1, 45, 0, 1]
[0, 0, 0, 0, 0, 0, 0, 0, 0, 0, 12, 12, 36, 24, 0, 12, 36, 36, 36, 0, 0, 0, 0, 0, 0, 10, 46, 2, 1, 1]
[36, 12, 12, 12, 0, 24, 36, 0, 0, 0, 36, 36, 36, 12, 0, 36, 36, 12, -2, 0, 0, 0, 0, 0, 0, 10, 5, 77, 2, 1]
[-6, 13, 13, -2, 0, 13, 13, 13, 63, 0, 13, 13, 24, 39, 0, 13, 13, 13, 39, 0, 0, 0, 0, 0, 0, 10, 143, 127, 1, 1]
[0, 0, 0, 0, 0, 24, 24, 36, 24, 0, 12, 24, 24, 36, 0, 12, 12, 24, 12, 0, 0, 0, 0, 0, 0, 10, 30, 17, 1, 1]
[0, 0, 0, 0, 0, 0, 0, 0, 0, 0, 24, 12, 18, 18, 0, 36, 24, 12, 6, 0, 0, 0, 0, 0, 0, 10, 60, 5, 2, 1]
[0, 0, 0, 0, 0, 0, 0, 0, 0, 0, 18, 18, 18, 18, 0, 18, 18, 18, -2, 0, 0, 0, 0, 0, 0, 4, 105, 8, 1, 1]
[0, 0, 0, 0, 0, 0, 0, 0, 0, 0, 0, 0, 24, 36, 0, 0, 0, 36, 36, 0, 0, 0, 0, 0, 0, 10, 3, 0, 0, 1]
[24, 24, 39, 39, 0, -2, 51, 39, 39, 0, 27, 27, 51, 13, 0, 27, 27, 27, 27, 0, 0, 0, 0, 0, 0, 10, 35, 107, 2, 1]
[37, 24, 24, 65, 0, 39, 24, 24, 24, 0, 39, 39, 39, -6, 0, 0, 0, 0, 0, 0, 0, 0, 0, 0, 0, 10, 113, 143, 1, 1]
[0, 12, 24, 24, 0, 0, 24, 24, 24, 0, 0, 12, 24, 24, 0, 0, 12, 12, 24, 0, 0, 0, 0, 0, 0, 10, 0, 31, 0, 1]
[0, 0, 0, 0, 0, 12, 12, 18, 18, 0, 24, 12, 12, 6, 0, -6, 12, -2, 0, 0, 0, 0, 0, 0, 0, 10, 75, 21, 2, 1]
[0, 0, 0, 0, 0, 18, 18, 6, 6, 0, 12, 18, 18, 6, 0, 12, 12, 6, 77, 0, 0, 0, 0, 0, 0, 4, 120, 23, 1, 1]
[0, 0, 0, 0, 0, 24, 24, 24, -6, 0, 24, 24, 24, 24, 0, 24, 24, 24, -6, 0, 0, 0, 0, 0, 0, 10, 31, 18, 1, 1]
[32, 27, -6, -6, 0, 72, 35, -6, -6, 0, 58, 58, 33, 13, 0, 60, 35, 13, 13, 0, 0, 0, 0, 0, 0, 6, 37, 109, 2, 1]
[13, 24, -6, -6, 0, 24, 39, 24, -6, 0, 39, 39, 24, 24, 0, 0, 0, 0, 0, 0, 0, 0, 0, 0, 0, 10, 129, 144, 1, 1]
[0, 0, 0, 0, 0, 24, 24, 12, 12, 0, 24, 24, 24, 24, 0, 24, 24, 12, 12, 0, 0, 0, 0, 0, 0, 10, 46, 19, 1, 1]
[0, 0, 0, 0, 0, 0, 0, 0, 0, 0, 24, 12, 24, 24, 0, 24, 24, 24, 30, 0, 0, 0, 0, 0, 0, 10, 91, 5, 2, 1]
[0, 0, 0, 0, 0, 18, 18, 18, -4, 0, 18, 18, 18, 18, 0, 95, 18, 18, 0, 0, 0, 0, 0, 0, 0, 4, 121, 24, 1, 1]
[0, 0, 0, 0, 0, 24, 24, 24, 36, 0, 24, 24, 36, 36, 0, 24, 24, 24, 36, 0, 0, 0, 0, 0, 0, 10, 17, 17, 0, 1]
[12, 0, 0, 0, 0, 12, 24, 13, 20, 0, 24, 24, 46, 20, 0, 24, 44, 44, 44, 0, 0, 0, 0, 0, 0, 6, 67, 93, 2, 1]
[13, 13, -2, 24, 0, 13, -2, 24, 24, 0, 13, 39, 39, 24, 0, 0, 0, 0, 0, 0, 0, 0, 0, 0, 0, 10, 144, 143, 1, 1]
[0, 0, 0, 0, 0, 0, 0, 0, 0, 0, 24, 24, 12, 12, 0, 24, 24, 24, 6, 0, 0, 0, 0, 0, 0, 10, 75, 6, 2, 1]
[0, 0, 0, 0, 0, 0, 0, 0, 0, 0, 0, 24, 24, 24, 0, 0, 24, 24, 36, 0, 0, 0, 0, 0, 0, 10, 31, 1, 0, 1]
[24, 24, 24, 36, 0, 12, 24, 24, 24, 0, 12, 12, 24, -6, 0, 0, 8, 0, 0, 0, 0, 0, 0, 0, 0, 10, 61, 49, 1, 1]
[0, 0, 0, 0, 0, 12, 12, 30, 18, 0, 12, 30, 18, 18, 0, 12, 0, 18, 18, 0, 0, 0, 0, 0, 0, 4, 136, 23, 1, 1]
[0, 36, 0, 32, 0, 24, 36, 46, 46, 0, 24, 44, 46, 46, 0, 24, 24, 44, 44, 0, 0, 0, 0, 0, 0, 6, 51, 92, 2, 1]
[25, 25, 0, 0, 0, 25, -4, -2, 24, 0, -2, -2, 24, 24, 0, 0, 0, 0, 0, 0, 0, 0, 0, 0, 0, 10, 129, 141, 1, 1]
[0, 12, 12, 12, 0, 0, 12, 12, 12, 0, 0, 12, 12, 24, 0, 0, 0, 12, 8, 0, 0, 0, 0, 0, 0, 10, 15, 46, 0, 1]
[0, 0, 0, 0, 0, 12, 12, 18, 18, 0, 12, 18, 18, 6, 0, 12, 12, 6, 6, 0, 0, 0, 0, 0, 0, 10, 90, 22, 2, 1]
[12, 18, 18, 18, 0, 18, 18, 18, 18, 0, 12, 18, 18, 18, 0, 12, 12, 18, -2, 0, 0, 0, 0, 0, 0, 4, 121, 38, 1, 1]
[0, 0, 0, 0, 0, 12, 12, -6, -6, 0, 12, 12, 24, 12, 0, 12, 36, 24, 24, 0, 0, 0, 0, 0, 0, 10, 63, 19, 1, 1]
[12, 45, 47, 47, 0, 47, 45, 67, 47, 0, 27, 65, 65, 53, 0, 33, 33, 55, 33, 0, 0, 0, 0, 0, 0, 6, 36, 107, 2, 1]
[35, -6, 48, 48, 0, 42, 21, 13, 72, 0, 44, 34, 41, 39, 0, 34, 39, 39, 39, 0, 0, 0, 0, 0, 0, 10, 99, 125, 1, 1]
[24, 24, 12, 24, 0, 12, 24, 12, 12, 0, 12, 12, 12, -6, 0, 0, 0, 0, 48, 0, 0, 0, 0, 0, 0, 10, 61, 49, 1, 1]
[0, 0, 0, 0, 0, 0, 0, 0, 0, 0, 12, 12, 18, -4, 0, 12, 18, 18, 18, 0, 0, 0, 0, 0, 0, 10, 106, 8, 2, 1]
[18, 12, 12, -2, 0, 18, 18, -2, -2, 0, 18, 18, 18, 0, 0, 18, 18, -2, 77, 0, 0, 0, 0, 0, 0, 4, 122, 40, 1, 1]
[0, 0, 24, 24, 0, 0, 0, 0, 24, 0, 0, 0, 24, 24, 0, 0, 0, 24, 66, 0, 0, 0, 0, 0, 0, 10, 18, 75, 0, 1]
[0, 0, 12, 12, 0, 0, 0, 12, 65, 0, 0, 0, 67, 65, 0, 0, 0, 12, 42, 0, 0, 0, 0, 0, 0, 6, 37, 105, 2, 1]
[54, 46, 72, 72, 0, 48, 60, 62, 76, 0, 34, 34, 60, 60, 0, 0, 0, 0, 0, 0, 0, 0, 0, 0, 0, 10, 83, 139, 1, 1]
[0, 0, 0, 0, 0, 0, 0, 0, 0, 0, 12, 12, 18, -2, 0, 12, 18, 6, 6, 0, 0, 0, 0, 0, 0, 10, 120, 10, 2, 1]
[18, 18, 18, 18, 0, -2, 18, 18, 97, 0, 0, 0, 95, 77, 0, -2, -6, -6, 77, 0, 0, 0, 0, 0, 0, 4, 152, 70, 1, 1]
[12, -2, -4, 24, 0, 12, 12, 24, 24, 0, 12, 36, 36, 24, 0, 46, 0, 24, 24, 0, 0, 0, 0, 0, 0, 10, 63, 48, 1, 1]
[0, 0, 68, 66, 0, 0, 0, 68, 66, 0, 0, 0, 68, 8, 0, 0, 0, 8, 34, 0, 0, 0, 0, 0, 0, 10, 5, 120, 0, 1]
[0, 0, -2, 12, 0, 0, 0, 0, 45, 0, 0, 0, 67, 45, 0, 0, 0, 67, 65, 0, 0, 0, 0, 0, 0, 6, 7, 75, 2, 1]
[48, 62, 48, 48, 0, 60, 60, 84, 48, 0, 48, 86, 76, 76, 0, 72, 60, 74, 60, 0, 0, 0, 0, 0, 0, 10, 69, 124, 1, 1]
[0, 0, 0, 0, 0, 12, 12, 12, 12, 0, -2, 12, 12, 12, 0, 0, 0, 18, 0, 0, 0, 0, 0, 0, 0, 10, 150, 25, 2, 1]
[74, 74, 24, -6, 0, 74, 74, 24, 24, 0, 24, 24, 24, 0, 0, 70, 74, -6, -6, 0, 0, 0, 0, 0, 0, 10, 48, 64, 1, 1]
[0, 0, 12, 18, 0, 0, -2, 18, 18, 0, 0, 18, 18, 18, 0, 0, -2, 18, 18, 0, 0, 0, 0, 0, 0, 4, 154, 69, 1, 1]
[0, 0, 47, 47, 0, 0, 0, 47, 47, 0, 0, 0, 69, 47, 0, 0, 0, 20, 79, 0, 0, 0, 0, 0, 0, 6, 5, 45, 2, 1]
[79, 12, 12, 12, 0, 71, 73, 61, 12, 0, 71, 73, 73, 64, 0, 71, 71, 83, 83, 0, 0, 0, 0, 0, 0, 10, 8, 93, 0, 1]
[62, 60, 62, 62, 0, 62, 60, 60, 84, 0, 62, -2, 86, 86, 0, -2, 12, 62, 73, 0, 0, 0, 0, 0, 0, 10, 68, 122, 1, 1]
[0, 0, 0, 0, 0, -2, -2, -2, 12, 0, -2, -2, 12, 12, 0, -2, 0, 0, 18, 0, 0, 0, 0, 0, 0, 10, 151, 23, 2, 1]
[0, 99, 75, 75, 0, 0, 97, 95, 75, 0, 0, 97, 107, 97, 0, 0, 20, 107, 12, 0, 0, 0, 0, 0, 0, 6, 3, 46, 2, 1]
[87, 111, 24, 24, 0, 32, 24, 24, 73, 0, 91, 36, 79, 79, 0, 24, 63, 79, 49, 0, 0, 0, 0, 0, 0, 10, 64, 79, 1, 1]
[18, 0, 64, 64, 0, 18, 18, -2, 64, 0, 18, 18, 18, 0, 0, 18, 18, -2, 23, 0, 0, 0, 0, 0, 0, 4, 139, 71, 1, 1]
[36, 49, 49, 83, 0, 27, 51, 51, 53, 0, 36, 51, 51, 39, 0, 0, 0, 0, 0, 0, 0, 0, 0, 0, 0, 10, 51, 138, 0, 1]
[12, 36, 50, 50, 0, 24, 40, 52, 52, 0, -2, 36, 52, 52, 0, 0, 0, 0, 0, 0, 0, 0, 0, 0, 0, 10, 38, 137, 1, 1]
[0, 0, 0, 0, 0, -6, -6, -2, 12, 0, -6, -6, 12, 12, 0, -6, -6, -2, 12, 0, 0, 0, 0, 0, 0, 10, 121, 21, 2, 1]
[97, 77, 77, 12, 0, 97, 99, 77, -6, 0, 97, 99, 99, 12, 0, 97, 20, 62, 12, 0, 0, 0, 0, 0, 0, 6, 18, 48, 2, 1]
[18, 18, 18, 0, 0, 18, 18, 18, 57, 0, 18, 45, 59, 39, 0, 25, 59, 39, 39, 0, 0, 0, 0, 0, 0, 4, 169, 87, 1, 1]
[89, 8, 12, 12, 0, 89, 32, 8, 12, 0, 83, 32, 24, 0, 0, 97, 81, 24, 24, 0, 0, 0, 0, 0, 0, 10, 65, 65, 1, 1]
[0, 0, 12, 12, 0, 0, 0, -2, 24, 0, 0, 0, 24, 36, 0, 0, 0, 0, 0, 0, 0, 0, 0, 0, 0, 10, 39, 135, 1, 1]
[74, 74, 48, 66, 0, 72, 72, 72, 24, 0, 24, 74, 41, 41, 0, 51, 39, 39, 39, 0, 0, 0, 0, 0, 0, 10, 54, 124, 0, 1]
[-6, 12, 12, 12, 0, 12, 12, 12, 12, 0, 8, 24, 12, 12, 0, 20, 20, 24, 0, 0, 0, 0, 0, 0, 0, 10, 91, 36, 2, 1]
[58, 58, 58, 58, 0, 58, 58, 58, 82, 0, 58, 58, 80, 80, 0, 58, 78, 80, 80, 0, 0, 0, 0, 0, 0, 6, 48, 32, 2, 1]
[69, 71, -6, 12, 0, 69, 69, 20, 32, 0, 69, 69, 20, 32, 0, 8, 20, 20, 20, 0, 0, 0, 0, 0, 0, 10, 79, 49, 1, 1]
[0, 74, 74, 74, 0, -2, 14, 74, -2, 0, 14, 14, 14, 0, 0, 14, 14, 40, 14, 0, 0, 0, 0, 0, 0, 4, 185, 73, 1, 1]
[90, 76, 76, 63, 0, 12, 12, 65, 65, 0, 12, 32, 32, 65, 0, 0, 0, 0, 0, 0, 0, 0, 0, 0, 0, 10, 68, 137, 0, 1]
[0, 0, 59, 71, 0, 0, 0, 73, 71, 0, 0, 0, 93, 71, 0, 0, 0, 32, 20, 0, 0, 0, 0, 0, 0, 10, 9, 105, 1, 1]
[72, 80, 82, 84, 0, 82, 80, 82, 94, 0, 72, 80, 94, 94, 0, 0, 72, 8, 12, 0, 0, 0, 0, 0, 0, 6, 32, 47, 2, 1]
[12, -2, -2, -4, 0, 12, 12, -2, -2, 0, 12, 12, 12, 0, 0, 24, 12, -2, -2, 0, 0, 0, 0, 0, 0, 10, 92, 38, 2, 1]
[74, 74, 74, -6, 0, 74, 84, 74, 24, 0, 82, 84, 108, 24, 0, 82, 108, 108, 32, 0, 0, 0, 0, 0, 0, 10, 63, 33, 1, 1]
[-2, -2, 18, 18, 0, 0, 18, 18, 18, 0, -6, -2, 18, 18, 0, -6, -2, -2, 44, 0, 0, 0, 0, 0, 0, 4, 199, 87, 1, 1]
[0, 0, 84, 82, 0, 0, 0, 0, 82, 0, 0, 0, 24, 86, 0, 0, 0, 36, 74, 0, 0, 0, 0, 0, 0, 10, 7, 75, 1, 1]
[0, 12, 107, 82, 0, 0, 36, 72, 69, 0, 0, 74, 60, 60, 0, 0, 24, 36, 62, 0, 0, 0, 0, 0, 0, 10, 39, 106, 0, 1]
[0, 0, 0, 0, 0, 74, 74, 74, 88, 0, 74, 74, 96, 90, 0, 74, 106, 96, 96, 0, 0, 0, 0, 0, 0, 10, 47, 17, 1, 1]
[22, 22, 22, 22, 0, -2, 22, 22, 22, 0, 0, 0, 22, 0, 0, -2, 0, -2, -6, 0, 0, 0, 0, 0, 0, 10, 122, 68, 2, 1]
[88, 82, 10, -6, 0, 88, 88, -6, -6, 0, 100, 88, 18, -6, 0, 18, 18, 0, 0, 0, 0, 0, 0, 0, 0, 6, 33, 49, 2, 1]
[0, 22, 104, 0, 0, 0, 106, 104, 106, 0, 0, 34, 104, 40, 0, 0, 34, 38, 38, 0, 0, 0, 0, 0, 0, 10, 5, 91, 1, 1]
[0, 0, 0, 61, 0, 12, -2, -2, 16, 0, 12, 12, 16, 16, 0, 12, 16, 16, 16, 0, 0, 0, 0, 0, 0, 4, 185, 71, 1, 1]
[0, 0, 103, 101, 0, 0, 0, 34, 101, 0, 0, 0, 34, 59, 0, 0, 0, 49, 39, 0, 0, 0, 0, 0, 0, 10, 22, 105, 0, 1]
[0, 0, 0, 0, 0, 0, 0, 70, 82, 0, 0, 0, 84, 80, 0, 0, 0, 70, 80, 0, 0, 0, 0, 0, 0, 8, 31, 15, 1, 1]
[88, 18, 18, -2, 0, 88, 18, 18, 18, 0, 18, 18, 18, 12, 0, 12, 18, -6, -2, 0, 0, 0, 0, 0, 0, 6, 63, 65, 2, 1]
[-6, -2, -2, -2, 0, 8, -2, 0, 22, 0, 8, 8, 22, 22, 0, 8, 30, 30, 22, 0, 0, 0, 0, 0, 0, 10, 124, 52, 2, 1]
[16, 16, 16, 62, 0, -6, 16, 64, 64, 0, -6, 46, 64, 46, 0, 22, -6, 46, 46, 0, 0, 0, 0, 0, 0, 4, 169, 101, 1, 1]
[0, 34, 68, 70, 0, 0, 70, 68, 68, 0, 0, 12, 58, 48, 0, 0, -2, 12, 48, 0, 0, 0, 0, 0, 0, 10, 21, 121, 1, 1]
[68, 66, 66, 54, 0, 34, 46, 68, 68, 0, 12, 34, 68, 22, 0, 0, 0, 0, 0, 0, 0, 0, 0, 0, 0, 10, 7, 137, 0, 1]
[0, 0, 0, 0, 0, 0, 10, 82, 70, 0, 0, 84, 80, 82, 0, 0, 82, 80, 70, 0, 0, 0, 0, 0, 0, 8, 1, 16, 1, 1]
[-6, -6, -2, -2, 0, -6, -6, -2, 22, 0, -6, 8, 22, 22, 0, 8, 30, 30, 22, 0, 0, 0, 0, 0, 0, 10, 108, 36, 2, 1]
[-6, 12, 12, 12, 0, 12, 30, 12, 12, 0, 18, 30, 30, 12, 0, 18, 18, 75, 18, 0, 0, 0, 0, 0, 0, 6, 79, 51, 2, 1]
[8, -2, 61, 61, 0, 0, 0, 0, 77, 0, -2, -6, 16, 16, 0, 46, 16, 16, 44, 0, 0, 0, 0, 0, 0, 4, 171, 85, 1, 1]
[0, 0, 74, 72, 0, 0, 0, 74, 62, 0, 0, 0, 62, 34, 0, 0, 0, 0, 0, 0, 0, 0, 0, 0, 0, 10, 23, 135, 1, 1]
[43, 43, 43, 43, 0, 22, 65, 43, 43, 0, 22, 22, 67, -2, 0, 22, 22, 22, 22, 0, 0, 0, 0, 0, 0, 10, 39, 126, 0, 1]
[0, 0, 79, 79, 0, 0, 0, 81, 77, 0, 0, 0, 79, 77, 0, 0, 0, 67, 77, 0, 0, 0, 0, 0, 0, 8, 16, 30, 1, 1]
[0, 0, 0, 0, 0, -6, -6, 22, -2, 0, -6, 22, 30, 22, 0, 22, 30, 88, 30, 0, 0, 0, 0, 0, 0, 10, 92, 21, 2, 1]
[12, 12, 12, -2, 0, 12, 20, 12, 12, 0, 20, 78, 20, 0, 0, 82, 78, 76, 20, 0, 0, 0, 0, 0, 0, 6, 93, 37, 2, 1]
[8, 0, 0, 0, 0, -2, 18, -2, 53, 0, 18, 18, 71, 53, 0, 18, 18, 18, 73, 0, 0, 0, 0, 0, 0, 4, 155, 71, 1, 1]
[-2, -6, 56, 82, 0, 62, -6, -6, 82, 0, 60, 60, 24, 24, 0, 62, 24, 24, 24, 0, 0, 0, 0, 0, 0, 10, 98, 110, 0, 1]
[0, 76, 50, 50, 0, 0, 24, 64, 52, 0, 0, 24, 24, 76, 0, 0, 0, 0, 0, 0, 0, 0, 0, 0, 0, 10, 9, 136, 1, 1]
[65, -6, 12, 12, 0, 65, 12, 12, 20, 0, 65, -6, 82, 20, 0, 65, 56, 56, 78, 0, 0, 0, 0, 0, 0, 10, 91, 35, 2, 1]
[0, 0, 0, 0, 0, 0, 0, 0, 0, 0, 0, 0, 79, 67, 0, 0, 0, 81, 77, 0, 0, 0, 0, 0, 0, 8, 2, 0, 1, 1]
[-2, 18, -2, -4, 0, 30, 18, 18, -2, 0, 30, 30, 18, 18, 0, 88, 18, 18, -2, 0, 0, 0, 0, 0, 0, 6, 107, 38, 2, 1]
[16, 0, 0, -2, 0, 16, 16, 0, -2, 0, 16, 16, 69, 0, 0, 16, 71, 53, 53, 0, 0, 0, 0, 0, 0, 4, 169, 73, 1, 1]
[74, 70, 8, 8, 0, 68, 56, 78, 8, 0, 56, 80, 22, 22, 0, 56, 22, 22, 22, 0, 0, 0, 0, 0, 0, 10, 82, 82, 0, 1]
[89, 38, 0, 12, 0, 62, 62, 38, -4, 0, 62, 62, 22, -2, 0, 0, 0, 0, 0, 0, 0, 0, 0, 0, 0, 10, 24, 138, 1, 1]
[0, 0, 0, 0, 0, 0, 10, 74, 10, 0, 0, 76, 72, 62, 0, 0, 74, 62, 62, 0, 0, 0, 0, 0, 0, 8, 0, 16, 1, 1]
[0, 0, 0, 0, 0, 10, -2, -6, 22, 0, 72, 10, 22, 22, 0, 72, 89, 22, 22, 0, 0, 0, 0, 0, 0, 10, 77, 19, 2, 1]
[0, 0, 0, 0, 0, 0, 0, 0, 0, 0, -2, -2, 18, -4, 0, 12, 30, 30, 18, 0, 0, 0, 0, 0, 0, 6, 122, 8, 2, 1]
[8, 8, 8, 8, 0, 12, 20, 20, 8, 0, 20, 20, 20, 20, 0, 20, 20, 20, 20, 0, 0, 0, 0, 0, 0, 10, 110, 38, 0, 1]
[0, 62, 62, 62, 0, 0, 62, 38, 84, 0, 0, -2, 20, 84, 0, 0, 0, 0, 0, 0, 0, 0, 0, 0, 0, 10, 54, 136, 1, 1]
[0, 0, 0, 0, 0, 0, 0, 0, 0, 0, 12, 8, 8, 20, 0, 12, 12, 20, 20, 0, 0, 0, 0, 0, 0, 6, 120, 7, 2, 1]
[0, 0, 0, 0, 0, 0, 0, 87, 87, 0, 0, 0, 89, 85, 0, 0, 0, 87, 85, 0, 0, 0, 0, 0, 0, 8, 16, 15, 1, 1]
[0, 0, 0, 0, 0, 77, 77, 65, 20, 0, 79, 75, 97, 89, 0, 77, 75, 65, 87, 0, 0, 0, 0, 0, 0, 10, 61, 17, 2, 1]
[0, 0, 0, 0, 0, 8, 8, 8, 20, 0, -6, 8, 20, 20, 0, -6, 20, 20, 20, 0, 0, 0, 0, 0, 0, 10, 122, 22, 0, 1]
[0, 67, 67, 67, 0, 0, -2, 87, 0, 0, 0, 20, 20, 20, 0, 0, 20, 20, 20, 0, 0, 0, 0, 0, 0, 10, 24, 121, 1, 1]
[0, 0, 0, 0, 0, 0, 0, 0, 0, 0, -6, 8, 8, 8, 0, 12, -6, 8, 20, 0, 0, 0, 0, 0, 0, 6, 105, 6, 2, 1]
[0, 0, 30, 82, 0, 0, 0, 72, 82, 0, 0, 0, 72, 52, 0, 0, 0, 43, 52, 0, 0, 0, 0, 0, 0, 8, 1, 45, 1, 1]
[0, 0, 0, 0, 0, 20, 20, 8, 8, 0, 20, 20, 20, 8, 0, 73, 20, -6, -6, 0, 0, 0, 0, 0, 0, 10, 31, 19, 2, 1]
[12, 20, 20, 20, 0, -6, 20, 20, 20, 0, 0, 0, 20, 0, 0, -6, 20, 20, 20, 0, 0, 0, 0, 0, 0, 10, 106, 67, 0, 1]
[0, 0, 64, 52, 0, 0, 0, 52, 72, 0, 0, 0, 74, 72, 0, 0, 0, 74, 20, 0, 0, 0, 0, 0, 0, 10, 23, 105, 1, 1]
[0, 0, 0, 0, 0, 20, 20, 8, 8, 0, 12, 20, 20, 20, 0, 12, 12, 20, 12, 0, 0, 0, 0, 0, 0, 6, 90, 21, 2, 1]
[79, 81, 20, 20, 0, 65, 79, 12, 20, 0, 77, 65, 12, -6, 0, 0, 0, 0, 0, 0, 0, 0, 0, 0, 0, 10, 61, 49, 2, 1]
[0, 87, 85, 67, 0, 0, 87, 85, 99, 0, 0, 61, 85, 0, 0, 0, 99, 67, 67, 0, 0, 0, 0, 0, 0, 8, 3, 61, 1, 1]
[12, 32, 20, 20, 0, 12, 0, 20, 0, 0, -6, 20, 20, 20, 0, -6, 20, 20, 20, 0, 0, 0, 0, 0, 0, 10, 109, 82, 0, 1]
[0, 89, 97, 67, 0, 0, 89, 87, 87, 0, 0, 65, 53, -2, 0, 0, 20, -2, -2, 0, 0, 0, 0, 0, 0, 10, 7, 121, 1, 1]
[8, 8, 8, -2, 0, 8, 8, 20, 20, 0, 20, 20, 20, 12, 0, 12, 32, 12, 12, 0, 0, 0, 0, 0, 0, 6, 91, 37, 2, 1]
[-4, 20, -6, 8, 0, 73, 20, 20, 20, 0, 73, 20, 20, 32, 0, 72, 20, 20, 0, 0, 0, 0, 0, 0, 0, 10, 63, 50, 2, 1]
[52, 52, 52, -4, 0, 52, 70, 52, 52, 0, 72, 70, 72, 66, 0, 18, 70, 61, 61, 0, 0, 0, 0, 0, 0, 8, 19, 47, 1, 1]
[12, 20, 0, 0, 0, 20, 20, 20, -6, 0, 20, 20, 20, -6, 0, 20, 20, -2, 24, 0, 0, 0, 0, 0, 0, 10, 110, 98, 0, 1]
[0, 74, 72, 72, 0, 0, 74, 60, 74, 0, 0, 60, 20, 74, 0, 0, 0, 0, 0, 0, 0, 0, 0, 0, 0, 10, 23, 136, 1, 1]
[8, -2, -4, -4, 0, 8, 8, -2, -2, 0, 20, 8, 8, 56, 0, 32, 20, 56, 56, 0, 0, 0, 0, 0, 0, 6, 107, 39, 2, 1]
[0, 67, 85, 87, 0, 0, 87, 85, 87, 0, 0, 43, 85, 61, 0, 0, 43, 67, 63, 0, 0, 0, 0, 0, 0, 8, 33, 61, 1, 1]
[65, 65, -6, -6, 0, 65, 65, -6, 20, 0, 65, 65, 20, 20, 0, 77, 87, 20, 20, 0, 0, 0, 0, 0, 0, 10, 78, 34, 2, 1]
[12, 12, -2, -2, 0, 12, 12, 12, 32, 0, 12, 12, 24, 24, 0, 12, 0, 0, 24, 0, 0, 0, 0, 0, 0, 10, 126, 51, 0, 1]
[0, 55, 77, 55, 0, 0, 43, 53, 43, 0, 0, 38, 67, 0, 0, 0, 64, 64, 64, 0, 0, 0, 0, 0, 0, 10, 24, 106, 1, 1]
[0, 0, 0, 0, 0, 65, -2, 12, -6, 0, 65, 81, 12, 12, 0, 79, 79, 12, 12, 0, 0, 0, 0, 0, 0, 10, 62, 19, 2, 1]
[-2, -2, 12, 20, 0, 12, 12, 32, 32, 0, 12, 32, 32, 32, 0, 12, 12, 32, 32, 0, 0, 0, 0, 0, 0, 6, 137, 38, 2, 1]
[24, 32, 32, 32, 0, 0, 24, 8, 51, 0, 24, 24, 77, 51, 0, 24, 24, 24, 51, 0, 0, 0, 0, 0, 0, 10, 93, 83, 0, 1]
[0, 0, 67, 89, 0, 0, 0, 91, 89, 0, 0, 0, 22, 89, 0, 0, 0, 91, 101, 0, 0, 0, 0, 0, 0, 8, 19, 60, 1, 1]
[0, 24, 91, 48, 0, 0, 50, 50, 50, 0, 0, -2, 50, 24, 0, 0, 0, 0, 0, 0, 0, 0, 0, 0, 0, 10, 22, 136, 1, 1]
[12, 12, 12, -2, 0, 12, 12, 12, 12, 0, 65, 12, 12, 20, 0, 51, 12, -6, 12, 0, 0, 0, 0, 0, 0, 10, 61, 35, 2, 1]
[0, 0, 0, 0, 0, -2, -2, 20, -4, 0, 12, 32, 20, 20, 0, 32, 32, 32, 85, 0, 0, 0, 0, 0, 0, 6, 122, 23, 2, 1]
[0, 0, 72, 70, 0, 0, 0, 18, 70, 0, 0, 0, 72, 70, 0, 0, 0, 72, 52, 0, 0, 0, 0, 0, 0, 8, 4, 75, 1, 1]
[12, 20, 20, 8, 0, 12, 32, 32, 20, 0, 12, 32, 20, 87, 0, 12, 0, 20, 0, 0, 0, 0, 0, 0, 0, 10, 125, 52, 0, 1]
[0, 0, 64, 72, 0, 0, 0, 74, 34, 0, 0, 0, 20, 20, 0, 0, 0, 0, 0, 0, 0, 0, 0, 0, 0, 10, 24, 135, 1, 1]
[0, 0, 0, 0, 0, 8, 20, 20, -4, 0, 20, 20, 20, 20, 0, 32, 20, 20, 12, 0, 0, 0, 0, 0, 0, 6, 121, 24, 2, 1]
[87, 20, 20, 32, 0, 65, 20, 20, 32, 0, 42, 0, 20, 0, 0, 65, 42, -6, 12, 0, 0, 0, 0, 0, 0, 10, 77, 65, 2, 1]
[0, 0, 0, 0, 0, -6, -2, -2, 20, 0, -6, -2, 20, 20, 0, 12, 20, 20, 20, 0, 0, 0, 0, 0, 0, 10, 108, 22, 0, 1]
[0, 22, 89, 0, 0, 0, 91, 89, 91, 0, 0, 91, 89, 67, 0, 0, 74, 67, 43, 0, 0, 0, 0, 0, 0, 8, 5, 91, 1, 1]
[0, 0, 79, 77, 0, 0, 0, 79, 77, 0, 0, 0, 74, 77, 0, 0, 0, 24, 74, 0, 0, 0, 0, 0, 0, 10, 9, 105, 1, 1]
[-6, -2, -2, 20, 0, -6, -2, 20, 20, 0, 12, 12, 12, 20, 0, 12, 24, 12, 70, 0, 0, 0, 0, 0, 0, 10, 106, 37, 0, 1]
[0, 0, 0, 0, 0, -6, -2, -2, 20, 0, -6, -2, 20, 20, 0, 12, 12, 12, 20, 0, 0, 0, 0, 0, 0, 6, 136, 22, 2, 1]
[20, 20, 32, 20, 0, 20, 20, 20, 32, 0, 20, 20, 32, 12, 0, 17, 20, 12, 12, 0, 0, 0, 0, 0, 0, 10, 79, 81, 2, 1]
[85, 0, 0, 0, 0, 85, 87, 67, 12, 0, 97, 87, 37, 17, 0, 97, 59, 29, 17, 0, 0, 0, 0, 0, 0, 8, 21, 93, 1, 1]
[0, 0, 0, 64, 0, 0, 0, 86, 64, 0, 0, 0, 86, 94, 0, 0, 0, 48, 84, 0, 0, 0, 0, 0, 0, 10, 7, 90, 1, 1]
[8, 8, 20, 69, 0, 8, 20, 75, 75, 0, 20, 73, 73, 65, 0, 24, 20, 67, 67, 0, 0, 0, 0, 0, 0, 6, 106, 38, 2, 1]
[-6, -6, -2, -2, 0, -6, -6, -2, 20, 0, -6, -6, 20, 73, 0, -6, -6, 24, 20, 0, 0, 0, 0, 0, 0, 10, 107, 36, 0, 1]
[-6, 24, 20, 75, 0, 24, 24, 24, 8, 0, 24, 24, 24, 24, 0, 79, 24, 24, 26, 0, 0, 0, 0, 0, 0, 10, 95, 82, 2, 1]
[24, 64, 0, 10, 0, 24, 88, 10, 10, 0, 24, 34, 74, 52, 0, 24, 62, 50, 50, 0, 0, 0, 0, 0, 0, 10, 6, 92, 1, 1]
[12, 22, 0, 0, 0, 34, 34, 68, 12, 0, 74, 76, 80, 68, 0, 74, 74, 62, 40, 0, 0, 0, 0, 0, 0, 8, 51, 94, 1, 1]
[12, -4, -2, -2, 0, 20, 12, -2, -2, 0, 71, 20, 12, 0, 0, 73, 65, -2, -2, 0, 0, 0, 0, 0, 0, 10, 92, 41, 0, 1]
[20, 71, 71, 71, 0, 51, 83, 73, 73, 0, 12, 63, 71, 51, 0, 12, 12, 65, 12, 0, 0, 0, 0, 0, 0, 6, 122, 68, 2, 1]
[10, 0, 32, 83, 0, 10, 34, 24, 32, 0, 22, 10, 34, 24, 0, 10, 10, 0, 36, 0, 0, 0, 0, 0, 0, 10, 110, 96, 2, 1]
[24, 24, 34, 34, 0, -2, 24, 48, 34, 0, -2, 24, 50, 24, 0, 24, 24, 24, 24, 0, 0, 0, 0, 0, 0, 10, 36, 122, 1, 1]
[22, 22, 34, 12, 0, 22, 34, 34, 34, 0, 33, 22, 34, 12, 0, 32, 33, -4, 26, 0, 0, 0, 0, 0, 0, 8, 66, 110, 1, 1]
[0, 0, 0, 0, 0, 12, 12, 12, 12, 0, 69, 12, 12, 12, 0, 75, 67, 12, 12, 0, 0, 0, 0, 0, 0, 10, 167, 25, 0, 1]
[-6, 56, 70, 70, 0, 56, 70, 68, 76, 0, -6, 56, 76, 78, 0, 0, 32, 76, 20, 0, 0, 0, 0, 0, 0, 6, 124, 52, 2, 1]
[-6, 8, 66, 76, 0, 0, 0, 32, 64, 0, -6, 34, 24, 32, 0, 34, 34, 34, 43, 0, 0, 0, 0, 0, 0, 10, 96, 81, 2, 1]
[42, -6, 8, 79, 0, 0, 0, 12, 20, 0, 42, 12, 34, 12, 0, -2, 22, 34, 34, 0, 0, 0, 0, 0, 0, 8, 82, 80, 1, 1]
[0, 42, 42, 42, 0, 0, 42, 42, 67, 0, 0, -2, 65, 23, 0, 0, 23, 23, 23, 0, 0, 0, 0, 0, 0, 9, 38, 106, 1, 1]
[0, 0, 0, 0, 0, 0, 0, 0, 0, 0, 12, 12, 12, 12, 0, 12, 12, 12, 12, 0, 0, 0, 0, 0, 0, 10, 151, 11, 0, 1]
[83, 81, 67, 69, 0, 69, 89, 79, 20, 0, 22, 71, 42, 12, 0, 22, 22, 12, 33, 0, 0, 0, 0, 0, 0, 6, 108, 82, 2, 1]
[-6, 48, 48, 48, 0, 48, 76, 62, 56, 0, 22, 82, 90, 68, 0, 34, 42, 92, 42, 0, 0, 0, 0, 0, 0, 8, 80, 66, 1, 1]
[47, 59, 47, 12, 0, 63, 83, 65, 47, 0, 81, 89, 89, 18, 0, 42, 91, 42, 32, 0, 0, 0, 0, 0, 0, 10, 95, 67, 2, 1]
[0, 0, 23, 23, 0, 0, 0, 23, 23, 0, 0, 0, 23, 23, 0, 0, 0, -2, 23, 0, 0, 0, 0, 0, 0, 9, 22, 120, 1, 1]
[0, 0, 0, 0, 0, 12, 12, 12, 12, 0, 12, 12, 12, -2, 0, 12, 12, 12, 12, 0, 0, 0, 0, 0, 0, 10, 165, 27, 0, 1]
[22, 82, 90, 90, 0, 48, 84, 92, 90, 0, -6, 48, 80, 68, 0, 57, 19, 48, 27, 0, 0, 0, 0, 0, 0, 8, 94, 96, 1, 1]
[73, 32, 24, 12, 0, 89, 79, 32, 24, 0, 91, 89, 81, 47, 0, 67, 89, 39, -6, 0, 0, 0, 0, 0, 0, 10, 109, 83, 2, 1]
[77, 79, 32, 12, 0, 91, 89, 81, 71, 0, 79, 89, 63, 12, 0, 57, 49, 33, 19, 0, 0, 0, 0, 0, 0, 6, 110, 98, 2, 1]
[0, 0, 0, 57, 0, 0, 0, 57, 57, 0, 0, 0, 82, 57, 0, 0, 0, 82, 80, 0, 0, 0, 0, 0, 0, 9, 8, 90, 1, 1]
[0, 0, 0, 0, 0, 0, 0, 0, 0, 0, -2, -2, 12, 12, 0, -2, 12, 12, 12, 0, 0, 0, 0, 0, 0, 10, 181, 8, 0, 1]
[12, 12, 12, 12, 0, 68, 24, 56, 12, 0, 80, 88, 66, 42, 0, 98, 76, 80, 72, 0, 0, 0, 0, 0, 0, 10, 125, 69, 2, 1]
[0, 0, 53, 51, 0, 0, 0, 53, 51, 0, 0, 0, 53, -2, 0, 0, 0, -2, 28, 0, 0, 0, 0, 0, 0, 9, 6, 120, 1, 1]
[28, 19, 83, 79, 0, 28, 47, 47, 87, 0, 28, 28, 50, 50, 0, 28, 28, 28, 36, 0, 0, 0, 0, 0, 0, 8, 96, 110, 1, 1]
[68, 12, 12, 21, 0, 68, 66, 21, 63, 0, 54, 75, 83, 49, 0, 54, 74, 71, 75, 0, 0, 0, 0, 0, 0, 6, 126, 68, 2, 1]
[-6, -6, -2, 12, 0, -6, -6, 12, 12, 0, -6, -6, 12, 64, 0, 0, 0, 52, 73, 0, 0, 0, 0, 0, 0, 10, 120, 51, 0, 1]
[65, 29, 29, 21, 0, 74, 74, 29, 29, 0, 65, 76, 80, 9, 0, 57, 67, 39, 24, 0, 0, 0, 0, 0, 0, 6, 124, 84, 2, 1]
[21, 29, 21, 12, 0, 74, 29, 29, 21, 0, 76, 80, 29, 8, 0, 67, 59, 38, -2, 0, 0, 0, 0, 0, 0, 7, 139, 85, 2, 1]
[31, 0, 0, 46, 0, 55, 31, 74, 60, 0, 31, 59, 59, 70, 0, 53, 53, 22, 34, 0, 0, 0, 0, 0, 0, 8, 82, 95, 1, 1]
[0, 0, 23, 78, 0, 0, 0, 23, 23, 0, 0, 0, 23, 23, 0, 0, 0, 0, 0, 0, 0, 0, 0, 0, 0, 9, 8, 135, 1, 1]
[12, 12, -2, -2, 0, 12, 12, 12, 0, 0, 12, 20, 21, 12, 0, 52, 17, 17, 9, 0, 0, 0, 0, 0, 0, 10, 93, 55, 0, 1]
[20, 21, 12, 12, 0, 29, 29, 9, 0, 0, 80, 29, 29, 9, 0, 68, 29, 9, -2, 0, 0, 0, 0, 0, 0, 6, 140, 86, 2, 1]
[45, 21, 29, 29, 0, 68, 80, 29, 29, 0, 45, 60, 29, 29, 0, 33, -6, 21, 8, 0, 0, 0, 0, 0, 0, 7, 155, 100, 2, 1]
[-6, -6, 12, 58, 0, 0, 22, 46, 58, 0, 22, 74, 70, 58, 0, 47, 62, 70, 68, 0, 0, 0, 0, 0, 0, 8, 81, 81, 1, 1]
[0, 0, 55, 55, 0, 0, 0, 55, 55, 0, 0, 0, 23, 55, 0, 0, 0, 23, 23, 0, 0, 0, 0, 0, 0, 9, 9, 105, 1, 1]
[-6, -2, -2, 12, 0, -6, -2, 12, 12, 0, -6, 12, 12, 12, 0, 44, 21, 12, 12, 0, 0, 0, 0, 0, 0, 10, 153, 37, 0, 1]
[67, 67, 21, 0, 0, 73, 69, 67, 21, 0, 73, 69, 55, 57, 0, 46, 55, 46, 12, 0, 0, 0, 0, 0, 0, 7, 95, 97, 1, 1]
[0, 29, 20, 20, 0, 29, 29, 29, 20, 0, 36, 29, 29, 29, 0, 27, 27, 29, -2, 0, 0, 0, 0, 0, 0, 6, 170, 101, 2, 1]
[12, 12, 12, 12, 0, 12, 12, 12, 12, 0, 0, 0, 21, 8, 0, 21, 21, 29, 29, 0, 0, 0, 0, 0, 0, 7, 156, 70, 2, 1]
[0, 0, 0, 55, 0, 0, 0, 80, 55, 0, 0, 0, 23, 78, 0, 0, 0, 23, 23, 0, 0, 0, 0, 0, 0, 9, 7, 90, 1, 1]
[0, 0, 0, 0, 0, 0, 0, 0, 0, 0, 12, 12, 12, -2, 0, 12, 12, 12, 12, 0, 0, 0, 0, 0, 0, 10, 107, 10, 0, 1]
[21, 21, 21, 29, 0, 9, 21, 29, 29, 0, 9, 17, 29, 22, 0, 9, -6, 26, 24, 0, 0, 0, 0, 0, 0, 7, 154, 100, 2, 1]
[0, 0, 55, 55, 0, 0, 0, 23, 55, 0, 0, 0, 23, 23, 0, 0, 0, 23, 23, 0, 0, 0, 0, 0, 0, 9, 6, 75, 1, 1]
[46, 46, 54, 21, 0, 46, 73, 69, 52, 0, 46, 46, 52, 21, 0, 46, 31, -2, 21, 0, 0, 0, 0, 0, 0, 7, 111, 111, 1, 1]
[9, 29, 29, 20, 0, 29, 29, 43, 29, 0, 9, 47, 45, 34, 0, 12, 27, 34, 12, 0, 0, 0, 0, 0, 0, 6, 171, 116, 2, 1]
[12, 12, 12, 12, 0, 12, 12, 12, 12, 0, 12, 12, 12, 12, 0, 12, 12, 12, 12, 0, 0, 0, 0, 0, 0, 10, 150, 40, 0, 1]
[0, 0, 55, 55, 0, 0, 0, 55, 55, 0, 0, 0, 80, 55, 0, 0, 0, 23, 78, 0, 0, 0, 0, 0, 0, 9, 5, 45, 1, 1]
[0, 21, 0, 0, 0, 21, 21, 29, -2, 0, 21, 29, 29, 29, 0, 29, 29, 29, 22, 0, 0, 0, 0, 0, 0, 7, 156, 101, 2, 1]
[46, 46, 46, 0, 0, 46, 46, 46, 69, 0, 46, 46, 73, 21, 0, 34, 67, 40, 21, 0, 0, 0, 0, 0, 0, 7, 97, 95, 1, 1]
[-2, 9, 29, 29, 0, -2, 20, 29, 29, 0, -2, -6, 20, 43, 0, -2, -6, -6, 20, 0, 0, 0, 0, 0, 0, 6, 172, 130, 2, 1]
[12, 12, 12, -2, 0, 12, 12, -2, 12, 0, 12, 12, 12, 12, 0, 12, 12, 12, 12, 0, 0, 0, 0, 0, 0, 10, 152, 43, 0, 1]
[0, 80, 78, 55, 0, 0, 80, 78, 80, 0, 0, 23, 78, 46, 0, 0, 23, 46, 46, 0, 0, 0, 0, 0, 0, 9, 3, 61, 1, 1]
[46, -6, -6, -2, 0, 57, 46, 21, 0, 0, 46, 73, 73, 21, 0, 69, 73, 66, 21, 0, 0, 0, 0, 0, 0, 7, 81, 80, 1, 1]
[21, 0, 12, 0, 0, 21, 21, 12, 12, 0, 21, 21, 21, 12, 0, 29, 35, 12, -2, 0, 0, 0, 0, 0, 0, 7, 171, 103, 2, 1]
[0, 0, 0, 0, 0, -2, -6, -6, 12, 0, -2, -6, 20, 9, 0, -2, 20, 20, 20, 0, 0, 0, 0, 0, 0, 6, 158, 100, 2, 1]
[12, 12, 12, 12, 0, 8, 0, 0, 21, 0, 8, 20, 21, 21, 0, 8, 17, 29, 32, 0, 0, 0, 0, 0, 0, 10, 197, 87, 0, 1]
[55, 55, 55, 55, 0, 55, 66, 55, 55, 0, 68, 66, 68, 55, 0, 11, 66, 57, 57, 0, 0, 0, 0, 0, 0, 9, 19, 47, 1, 1]
[68, 68, 11, 20, 0, 57, 57, 66, 20, 0, 59, 68, 72, 72, 0, 46, 46, 72, 20, 0, 0, 0, 0, 0, 0, 7, 80, 79, 1, 1]
[0, 0, 0, 19, 0, 0, -2, 19, 19, 0, 0, 19, 19, 19, 0, 0, -2, 19, 19, 0, 0, 0, 0, 0, 0, 6, 156, 99, 2, 1]
[32, 32, 32, 0, 0, 32, 44, 32, 0, 0, 46, 44, 46, 0, 0, 26, 44, 28, 0, 0, 0, 0, 0, 0, 0, 7, 201, 119, 2, 1]
[0, 55, 55, 68, 0, 0, 55, 66, 68, 0, 0, 68, 66, 68, 0, 0, 0, 66, 11, 0, 0, 0, 0, 0, 0, 9, 33, 46, 1, 1]
[66, 68, 55, -6, 0, 66, 68, 68, 20, 0, 66, 11, 20, 66, 0, 66, 20, 68, 72, 0, 0, 0, 0, 0, 0, 7, 65, 63, 1, 1]
[0, 0, 0, 23, 0, 8, 23, 51, 23, 0, 8, 59, 51, 58, 0, 40, 53, 60, 58, 0, 0, 0, 0, 0, 0, 10, 185, 102, 0, 1]
[0, 0, 0, 0, 0, 0, -2, -2, -2, 0, 0, 0, 19, 0, 0, 45, 19, 19, 19, 0, 0, 0, 0, 0, 0, 6, 141, 69, 2, 1]
[60, 58, 60, 0, 0, 40, 58, 32, 0, 0, 40, 12, 32, 0, 0, 0, 0, 0, 0, 0, 0, 0, 0, 0, 0, 7, 217, 149, 2, 1]
[0, 68, 66, 77, 0, 0, 11, 75, 20, 0, 0, 34, 66, 9, 0, 0, 34, 34, 27, 0, 0, 0, 0, 0, 0, 9, 18, 76, 1, 1]
[55, 66, -6, -6, 0, 66, 66, 9, 46, 0, 20, 9, 55, 55, 0, 20, 20, 9, 46, 0, 0, 0, 0, 0, 0, 7, 49, 64, 1, 1]
[17, 0, 0, 0, 0, 17, 17, -2, 12, 0, 17, 17, 17, 0, 0, 17, 17, 12, 12, 0, 0, 0, 0, 0, 0, 6, 139, 71, 2, 1]
[8, 8, 29, 0, 0, 29, 29, 21, 21, 0, 29, 21, 32, 21, 0, 21, 34, 32, 43, 0, 0, 0, 0, 0, 0, 10, 186, 103, 0, 1]
[12, 26, 24, 44, 0, 26, 26, 42, 46, 0, 12, 44, 44, 44, 0, 0, 0, 0, 0, 0, 0, 0, 0, 0, 0, 7, 219, 148, 2, 1]
[55, 55, -6, -6, 0, 55, 55, -6, -6, 0, 55, 55, 9, -6, 0, 55, 66, 9, 9, 0, 0, 0, 0, 0, 0, 7, 64, 34, 1, 1]
[-2, -2, -2, -2, 0, 0, 0, 17, 12, 0, -2, 17, 29, 29, 0, 17, 17, 17, 17, 0, 0, 0, 0, 0, 0, 6, 169, 56, 2, 1]
[0, 55, 55, 55, 0, 0, 55, 55, 66, 0, 0, 55, 75, 55, 0, 0, 20, 75, 20, 0, 0, 0, 0, 0, 0, 9, 20, 46, 1, 1]
[-2, -2, -2, 0, 0, -2, -2, -2, 0, 0, 29, 21, 21, 0, 0, 29, 29, 21, 0, 0, 0, 0, 0, 0, 0, 10, 201, 44, 0, 1]
[8, 12, 12, 12, 0, -2, 12, 12, -2, 0, 12, 12, 30, -2, 0, 12, 32, 30, 34, 0, 0, 0, 0, 0, 0, 7, 204, 118, 2, 1]
[-2, 9, -6, -2, 0, 9, 9, 9, -2, 0, 54, 9, 9, 9, 0, 65, 9, 9, 55, 0, 0, 0, 0, 0, 0, 7, 62, 35, 1, 1]
[-2, -4, -4, 21, 0, -2, -2, 21, 29, 0, 0, 21, 29, 29, 0, 53, 8, 29, 29, 0, 0, 0, 0, 0, 0, 10, 212, 40, 0, 1]
[0, 0, -2, 43, 0, 0, 0, 43, 63, 0, 0, 0, 65, 63, 0, 0, 0, 65, 63, 0, 0, 0, 0, 0, 0, 9, 18, 30, 1, 1]
[12, 31, 31, 31, 0, 31, 31, 31, 31, 0, 54, 19, 19, 19, 0, -6, -6, 19, 19, 0, 0, 0, 0, 0, 0, 6, 168, 71, 2, 1]
[8, 8, 8, 20, 0, 8, 8, 29, 18, 0, -6, 29, 39, 37, 0, 19, 41, 39, 37, 0, 0, 0, 0, 0, 0, 5, 202, 102, 2, 1]
[0, 0, 0, 0, 0, 0, 11, -2, -2, 0, 0, 11, 11, -2, 0, 0, 11, 11, 11, 0, 0, 0, 0, 0, 0, 9, 2, 16, 1, 1]
[0, 0, 0, 0, 0, -2, -6, 20, -2, 0, 11, 20, 20, 20, 0, 20, 20, 20, 32, 0, 0, 0, 0, 0, 0, 7, 77, 20, 1, 1]
[23, 23, 23, 23, 0, 23, 23, 23, 23, 0, 23, 23, 31, 23, 0, 78, 31, 31, 31, 0, 0, 0, 0, 0, 0, 10, 152, 41, 0, 1]
[68, 68, 31, 31, 0, 54, 73, 73, 19, 0, 54, 54, 19, 26, 0, 54, -6, 7, 70, 0, 0, 0, 0, 0, 0, 6, 169, 85, 2, 1]
[18, 54, 0, 0, 0, 70, 72, 42, 0, 0, 62, 60, 62, 0, 0, 62, 60, 42, 0, 0, 0, 0, 0, 0, 0, 5, 186, 104, 2, 1]
[0, 0, 0, 0, 0, 11, 11, 11, -2, 0, 11, 11, 11, 20, 0, 11, 11, 11, -2, 0, 0, 0, 0, 0, 0, 9, 16, 17, 1, 1]
[0, 0, 0, 0, 0, 0, 0, 0, 0, 0, 11, 11, 20, 20, 0, 11, 20, 20, 20, 0, 0, 0, 0, 0, 0, 7, 76, 4, 1, 1]
[21, 21, 21, 21, 0, 21, 21, 21, -2, 0, 21, 21, 21, 21, 0, 29, 21, 21, 21, 0, 0, 0, 0, 0, 0, 10, 167, 42, 0, 1]
[54, 17, 17, 17, 0, 17, 17, 17, 17, 0, -2, 17, 17, 17, 0, -2, -6, 17, 28, 0, 0, 0, 0, 0, 0, 6, 155, 100, 2, 1]
[8, 0, 0, 12, 0, 8, 8, 12, 56, 0, 8, 8, 54, 56, 0, 8, 40, 28, 44, 0, 0, 0, 0, 0, 0, 5, 216, 102, 2, 1]
[0, 0, 0, 0, 0, 0, 0, 0, 0, 0, 20, 9, 9, 9, 0, 20, 20, 9, -2, 0, 0, 0, 0, 0, 0, 7, 60, 5, 1, 1]
[0, 0, 0, 0, 0, 0, 0, 0, 0, 0, -2, 20, 20, 20, 0, 20, 62, 20, 20, 0, 0, 0, 0, 0, 0, 9, 31, 2, 1, 1]
[23, 23, 23, 23, 0, 8, 0, 6, 23, 0, 8, 14, 63, 29, 0, 14, 48, 48, 61, 0, 0, 0, 0, 0, 0, 10, 182, 87, 0, 1]
[19, 19, 25, 71, 0, -2, 19, 57, 73, 0, -2, -6, 19, 46, 0, -2, -6, -6, 12, 0, 0, 0, 0, 0, 0, 6, 156, 130, 2, 1]
[0, 0, 0, 17, 0, -6, -6, 29, 63, 0, -6, 25, 63, 63, 0, 8, 46, 73, 63, 0, 0, 0, 0, 0, 0, 4, 186, 101, 2, 1]
[0, 0, 0, 0, 0, 0, 0, 0, 0, 0, 67, 67, 76, 20, 0, 65, 67, 69, 9, 0, 0, 0, 0, 0, 0, 9, 30, 3, 1, 1]
[0, 0, 0, 0, 0, 20, 20, 20, 20, 0, 20, 20, 20, -2, 0, -6, 20, -2, 0, 0, 0, 0, 0, 0, 0, 7, 75, 21, 1, 1]
[-2, -2, -2, -2, 0, 0, 0, 23, 23, 0, -2, 23, 23, 23, 0, 0, 6, 0, 23, 0, 0, 0, 0, 0, 0, 10, 185, 57, 0, 1]
[17, 25, 17, 29, 0, 8, 25, 25, 37, 0, 8, 8, 25, 8, 0, 8, 8, 8, -2, 0, 0, 0, 0, 0, 0, 4, 171, 131, 2, 1]
[0, 0, 0, 0, 0, 44, -6, -6, 12, 0, -2, -6, 19, 6, 0, -2, 19, 25, 25, 0, 0, 0, 0, 0, 0, 6, 158, 100, 2, 1]
[0, 0, 0, 0, 0, 67, 11, 11, 20, 0, 67, 69, 20, 9, 0, 54, 67, -6, 9, 0, 0, 0, 0, 0, 0, 9, 45, 19, 1, 1]
[0, 0, 0, 0, 0, 0, 0, 0, 0, 0, 11, 20, 20, 20, 0, 20, 20, 20, 20, 0, 0, 0, 0, 0, 0, 7, 91, 6, 1, 1]
[21, 21, 21, 21, 0, 21, 21, 21, -2, 0, 21, 21, 21, 21, 0, 21, 21, 21, 21, 0, 0, 0, 0, 0, 0, 10, 183, 42, 0, 1]
[0, 17, 0, 0, 0, 17, 17, 17, 39, 0, 17, 17, 50, 44, 0, 17, 54, 52, 33, 0, 0, 0, 0, 0, 0, 6, 156, 101, 2, 1]
[-6, 54, 52, 50, 0, 15, 15, 50, 42, 0, -6, 15, 15, 42, 0, 0, 0, 0, 0, 0, 0, 0, 0, 0, 0, 4, 173, 146, 2, 1]
[20, 20, 9, 9, 0, 11, 20, 20, 9, 0, 11, 11, 9, 12, 0, 11, -6, -2, 0, 0, 0, 0, 0, 0, 0, 7, 90, 36, 1, 1]
[0, 0, 0, 0, 0, 11, 11, 9, -2, 0, 11, 20, 20, 9, 0, 20, 20, 9, 21, 0, 0, 0, 0, 0, 0, 9, 61, 21, 1, 1]
[23, 23, 23, 23, 0, 8, 0, 23, 0, 0, 8, 31, 23, 50, 0, 8, 8, 56, 25, 0, 0, 0, 0, 0, 0, 10, 182, 88, 0, 1]
[19, 19, 31, 31, 0, -6, 19, 37, 58, 0, -6, 6, 37, 18, 0, 6, 6, 6, 18, 0, 0, 0, 0, 0, 0, 6, 171, 131, 2, 1]
[8, 37, 47, 37, 0, 25, 37, 37, 45, 0, 25, 25, 37, 29, 0, 0, 0, 0, 0, 0, 0, 0, 0, 0, 0, 4, 174, 147, 2, 1]
[0, 0, 0, 0, 0, 11, 20, 11, -2, 0, 20, 20, 20, 11, 0, 20, 20, 20, 9, 0, 0, 0, 0, 0, 0, 9, 91, 22, 1, 1]
[-6, 20, 20, 20, 0, 20, 20, 20, 20, 0, -6, 20, 20, 20, 0, 0, 0, 20, 0, 0, 0, 0, 0, 0, 0, 7, 92, 51, 1, 1]
[11, -2, -2, 23, 0, 0, 0, 23, 23, 0, -2, 23, 23, 23, 0, 0, 0, 0, 0, 0, 0, 0, 0, 0, 0, 10, 200, 56, 0, 1]
[-2, -6, -6, 19, 0, -2, -6, 19, 60, 0, -2, 19, 19, 25, 0, -2, -6, 25, 25, 0, 0, 0, 0, 0, 0, 6, 173, 130, 2, 1]
[-2, 37, 49, 37, 0, 49, 56, 37, 37, 0, 25, 64, 54, 37, 0, 25, 17, 56, 17, 0, 0, 0, 0, 0, 0, 4, 189, 133, 2, 1]
[-6, -6, 11, 11, 0, -6, 11, 20, 11, 0, -6, 9, 20, 32, 0, 9, 9, 21, 32, 0, 0, 0, 0, 0, 0, 9, 106, 36, 1, 1]
[20, 20, 32, 32, 0, 0, 20, 20, 32, 0, -6, -6, 20, 0, 0, -6, -6, 15, 0, 0, 0, 0, 0, 0, 0, 7, 93, 81, 1, 1]
[-2, -2, 23, 23, 0, 11, 23, 23, 23, 0, 23, 23, 23, 23, 0, 23, 23, 23, 23, 0, 0, 0, 0, 0, 0, 10, 168, 39, 0, 1]
[25, 9, -2, -6, 0, 23, 14, -2, 19, 0, 14, 14, 35, 19, 0, 14, 14, -2, 19, 0, 0, 0, 0, 0, 0, 6, 158, 128, 2, 1]
[-6, -6, -2, 44, 0, 8, -6, -4, 17, 0, 8, 8, 17, 17, 0, 8, -6, -2, 17, 0, 0, 0, 0, 0, 0, 4, 203, 131, 2, 1]
[11, 11, 23, 23, 0, -6, 11, 29, 23, 0, 0, 6, 62, 18, 0, 6, 57, 53, 63, 0, 0, 0, 0, 0, 0, 9, 92, 66, 1, 1]
[12, 12, -2, -2, 0, 12, 12, 12, 12, 0, 12, 12, 12, -2, 0, 0, 0, 0, 0, 0, 0, 0, 0, 0, 0, 10, 137, 58, 0, 1]
[29, 11, 12, 12, 0, 74, 29, 11, 0, 0, 76, 74, 18, -6, 0, 76, 63, 55, -6, 0, 0, 0, 0, 0, 0, 4, 95, 83, 1, 1]
[64, 26, 20, 6, 0, 20, 20, 26, 26, 0, 20, 20, 20, 6, 0, 0, 0, 0, 0, 0, 0, 0, 0, 0, 0, 6, 128, 144, 2, 1]
[6, 12, 12, 12, 0, -6, 18, 12, 42, 0, 18, 18, 50, 42, 0, 26, 18, 18, 48, 0, 0, 0, 0, 0, 0, 4, 173, 117, 2, 1]
[12, 12, 12, 12, 0, 6, 0, 0, 0, 0, 6, 6, 12, 18, 0, 55, -6, 18, 18, 0, 0, 0, 0, 0, 0, 10, 198, 86, 0, 1]
[-6, 11, 11, 11, 0, 11, 11, 11, 62, 0, -6, 11, 64, 62, 0, -6, 45, 58, 51, 0, 0, 0, 0, 0, 0, 9, 94, 81, 1, 1]
[64, 62, 64, 17, 0, 58, 62, 64, 68, 0, 56, 45, 64, 8, 0, -2, 45, 8, 8, 0, 0, 0, 0, 0, 0, 4, 125, 113, 1, 1]
[-6, -6, 12, 29, 0, 56, -6, 29, 29, 0, 14, 23, 29, 49, 0, 14, 8, 49, 49, 0, 0, 0, 0, 0, 0, 4, 187, 116, 2, 1]
[61, 52, 56, 6, 0, 50, 52, 31, 12, 0, 52, 25, 25, 25, 0, 19, 25, 19, 19, 0, 0, 0, 0, 0, 0, 6, 144, 129, 2, 1]
[11, 11, 11, 56, 0, -6, 11, 58, 56, 0, 0, 0, 11, 45, 0, -4, -4, -2, 8, 0, 0, 0, 0, 0, 0, 9, 95, 111, 1, 1]
[0, 12, 0, 0, 0, 12, 12, 12, 0, 0, 20, 12, 12, 0, 0, 39, 20, 12, 0, 0, 0, 0, 0, 0, 0, 10, 170, 104, 0, 1]
[44, 58, 70, 40, 0, 65, 78, 52, 42, 0, 54, 32, 52, 48, 0, 8, 8, 32, 40, 0, 0, 0, 0, 0, 0, 6, 172, 130, 2, 1]
[57, 55, 44, 70, 0, 11, 55, 77, 78, 0, 11, 31, 74, 52, 0, 11, -2, 20, 28, 0, 0, 0, 0, 0, 0, 6, 143, 128, 2, 1]
[43, 12, 12, 12, 0, 8, 12, 12, 29, 0, 8, 20, 31, 29, 0, 16, 39, 39, 29, 0, 0, 0, 0, 0, 0, 10, 216, 117, 0, 1]
[0, 0, 0, 0, 0, 54, -6, -6, 58, 0, 54, -6, 11, 11, 0, 54, 11, 11, 11, 0, 0, 0, 0, 0, 0, 9, 97, 95, 1, 1]
[0, 44, 44, 44, 0, 57, 44, 44, 44, 0, 11, 55, 65, 44, 0, 11, 19, 65, 27, 0, 0, 0, 0, 0, 0, 6, 128, 98, 2, 1]
[27, 12, 12, 30, 0, 19, 31, 32, 30, 0, 19, 51, 51, 30, 0, 19, 31, 32, 32, 0, 0, 0, 0, 0, 0, 6, 158, 132, 2, 1]
[0, 11, 0, 0, 0, 11, 11, 11, 8, 0, 11, 11, 19, 19, 0, 39, 39, 39, 8, 0, 0, 0, 0, 0, 0, 9, 81, 96, 1, 1]
[0, 11, 0, 19, 0, 11, 11, 19, 74, 0, 11, 19, 19, 19, 0, 39, 39, 19, 19, 0, 0, 0, 0, 0, 0, 6, 126, 97, 2, 1]
[70, 60, 62, 0, 0, 70, 68, 62, 0, 0, 31, 68, 31, 0, 0, 31, 31, 23, 0, 0, 0, 0, 0, 0, 0, 10, 187, 134, 0, 1]
[-6, 53, 31, 72, 0, -6, 19, 31, 31, 0, -6, -6, 31, 31, 0, 0, 0, 0, 0, 0, 0, 0, 0, 0, 0, 6, 188, 146, 2, 1]
[11, 19, 48, 19, 0, 27, 38, 46, 46, 0, 27, 27, 40, 8, 0, 27, 27, -2, -2, 0, 0, 0, 0, 0, 0, 9, 96, 126, 1, 1]
[0, 0, 0, 0, 0, 27, -6, -6, 8, 0, 27, -6, 8, 48, 0, 27, 27, 38, 46, 0, 0, 0, 0, 0, 0, 6, 111, 95, 2, 1]
[52, 52, 74, 20, 0, 17, 74, 39, 37, 0, 17, 49, 39, 20, 0, 8, 47, 28, 20, 0, 0, 0, 0, 0, 0, 10, 218, 117, 0, 1]
[18, 50, 32, 12, 0, 16, 48, 28, 12, 0, 16, 28, 28, 28, 0, 0, 0, 0, 0, 0, 0, 0, 0, 0, 0, 6, 174, 147, 2, 1]
[0, 8, 0, 0, 0, 32, 8, 8, 0, 0, 32, 32, 19, 8, 0, 35, 46, 19, 11, 0, 0, 0, 0, 0, 0, 6, 81, 96, 2, 1]
[-6, -6, 32, 32, 0, -6, -6, 20, 40, 0, -6, -6, 28, 28, 0, -6, 8, 28, 28, 0, 0, 0, 0, 0, 0, 10, 187, 131, 0, 1]
[19, 8, 8, -6, 0, 19, 19, -2, -6, 0, 19, 19, 19, -6, 0, 19, 19, -2, -6, 0, 0, 0, 0, 0, 0, 9, 98, 128, 1, 1]
[53, 12, 25, 23, 0, -6, 25, 25, 23, 0, -6, 12, 41, 23, 0, 11, 28, 28, 39, 0, 0, 0, 0, 0, 0, 6, 189, 117, 2, 1]
[-6, 8, 8, 8, 0, 8, 8, 8, 8, 0, 7, 8, 8, 19, 0, 7, 7, 19, 11, 0, 0, 0, 0, 0, 0, 6, 96, 111, 2, 1]
[60, 42, 30, 0, 0, 60, 58, 12, 0, 0, 60, 28, 28, 0, 0, 28, 28, 12, 0, 0, 0, 0, 0, 0, 0, 6, 187, 119, 2, 1]
[8, 19, 19, 19, 0, 19, 19, 19, 19, 0, 8, 19, 19, 19, 0, 0, 0, 0, 0, 0, 0, 0, 0, 0, 0, 9, 128, 143, 1, 1]
[58, 28, 28, 0, 0, 20, 28, 28, 0, 0, 20, 20, 28, 0, 0, 0, 0, 0, 0, 0, 0, 0, 0, 0, 0, 10, 173, 149, 0, 1]
[39, 39, -6, -6, 0, 39, 39, -6, 8, 0, 39, 39, 15, 8, 0, 39, 7, -4, 8, 0, 0, 0, 0, 0, 0, 6, 97, 109, 2, 1]
[30, 30, 42, 28, 0, -2, 44, 28, 28, 0, 12, 28, 28, 28, 0, 12, 12, 28, 28, 0, 0, 0, 0, 0, 0, 6, 217, 118, 2, 1]
[-2, 0, -2, 54, 0, -2, 0, -2, -6, 0, 8, 0, 19, -6, 0, -2, 19, 19, 19, 0, 0, 0, 0, 0, 0, 9, 129, 113, 1, 1]
[28, 28, -2, 0, 0, 28, 28, 28, 0, 0, 28, 56, 20, 0, 0, 58, 28, 28, 0, 0, 0, 0, 0, 0, 0, 10, 219, 89, 0, 1]
[52, 52, 37, 49, 0, 52, 51, 51, 20, 0, -6, 51, 20, 20, 0, 11, 20, 20, 20, 0, 0, 0, 0, 0, 0, 10, 215, 102, 0, 1]
[0, 0, 0, 0, 0, 28, 20, -6, -2, 0, 50, 20, 20, -2, 0, 48, 20, 20, 31, 0, 0, 0, 0, 0, 0, 6, 67, 95, 2, 1]
[19, -6, 54, 53, 0, 19, 19, -6, 53, 0, 19, 19, 19, 20, 0, 19, 19, -6, 12, 0, 0, 0, 0, 0, 0, 9, 127, 115, 1, 1]
[53, 39, 51, 0, 0, 53, 53, 28, 12, 0, 64, 28, 28, 28, 0, 39, 39, 28, 28, 0, 0, 0, 0, 0, 0, 6, 202, 103, 2, 1]
[8, 8, 8, 0, 0, 8, 8, 26, 8, 0, 24, 24, 24, 16, 0, 16, 28, 16, -2, 0, 0, 0, 0, 0, 0, 6, 81, 111, 2, 1]
[59, 57, 59, 0, 0, 59, 57, 20, 0, 0, 70, 20, 20, 0, 0, 12, 20, 12, 0, 0, 0, 0, 0, 0, 0, 10, 186, 119, 0, 1]
[53, 53, 39, 39, 0, 53, 56, 53, 61, 0, 11, 11, 72, 61, 0, 11, 11, 23, 72, 0, 0, 0, 0, 0, 0, 6, 201, 101, 2, 1]
[0, -2, 54, 64, 0, 8, -2, 19, 19, 0, 24, 27, 19, 19, 0, 8, -2, 19, 19, 0, 0, 0, 0, 0, 0, 9, 157, 114, 1, 1]
[51, 51, 51, 0, 0, 51, 51, -2, -2, 0, 51, 0, 8, 0, 0, 11, 8, 20, 59, 0, 0, 0, 0, 0, 0, 6, 171, 71, 2, 1]
[0, 0, 7, 0, 0, -6, 23, 7, 7, 0, 14, 23, 21, 20, 0, 21, 21, 32, 25, 0, 0, 0, 0, 0, 0, 4, 97, 97, 2, 1]
[13, 34, 25, 19, 0, 32, 25, 19, 19, 0, 6, 19, 19, 19, 0, 7, 7, 19, -6, 0, 0, 0, 0, 0, 0, 9, 142, 129, 1, 1]
[60, 8, 8, 20, 0, 8, 8, 8, 55, 0, 8, 20, 57, 55, 0, -6, 20, 20, 55, 0, 0, 0, 0, 0, 0, 10, 217, 87, 0, 1]
[8, 8, 8, 26, 0, -6, 8, 40, 40, 0, 17, -6, 20, 32, 0, 11, 11, 12, 12, 0, 0, 0, 0, 0, 0, 6, 169, 101, 2, 1]
[17, 29, 17, 0, 0, 39, 29, 31, 0, 0, 39, 37, 31, 0, 0, 20, 29, 12, 0, 0, 0, 0, 0, 0, 0, 10, 185, 104, 0, 1]
[6, 15, 13, 15, 0, 7, 13, 13, 17, 0, 7, 7, 17, 11, 0, -2, 7, -2, 11, 0, 0, 0, 0, 0, 0, 4, 111, 127, 2, 1]
[19, 8, 20, 40, 0, 19, 19, 20, 20, 0, 25, 19, 31, 12, 0, 19, 19, -2, 12, 0, 0, 0, 0, 0, 0, 9, 143, 131, 1, 1]
[25, 18, 31, 39, 0, 25, 7, 31, 50, 0, 6, -6, 18, 52, 0, 6, 17, 11, 30, 0, 0, 0, 0, 0, 0, 5, 171, 115, 2, 1]
[18, 51, 30, 12, 0, 18, 30, 23, 23, 0, 18, 11, 23, 12, 0, 0, 0, 0, 0, 0, 0, 0, 0, 0, 0, 10, 216, 147, 0, 1]
[37, 37, -6, 25, 0, 37, 25, 25, 38, 0, -2, -4, 42, 40, 0, -2, -2, -2, 40, 0, 0, 0, 0, 0, 0, 4, 113, 125, 2, 1]
[31, 32, 32, 30, 0, 31, 50, 32, 12, 0, 18, 52, 30, 12, 0, 18, 30, 30, 30, 0, 0, 0, 0, 0, 0, 9, 173, 117, 1, 1]
[37, 37, 7, -6, 0, 37, 7, 7, 7, 0, 13, 7, 7, 7, 0, 15, 6, 7, 7, 0, 0, 0, 0, 0, 0, 5, 157, 113, 2, 1]
[-6, -6, 39, 57, 0, 7, -6, 30, 57, 0, 7, 18, 30, 30, 0, 7, -6, 30, 30, 0, 0, 0, 0, 0, 0, 9, 187, 116, 1, 1]
[14, 14, 20, 50, 0, 14, 22, 24, 24, 0, -2, 7, 22, 22, 0, 0, 0, 0, 0, 0, 0, 0, 0, 0, 0, 4, 83, 139, 2, 1]
[56, 45, 43, 24, 0, 30, 56, 43, 45, 0, 30, 30, 54, 19, 0, 30, 30, 19, 19, 0, 0, 0, 0, 0, 0, 10, 189, 118, 0, 1]
[51, 51, -2, -2, 0, 51, 0, 0, 0, 0, -2, 0, 7, -6, 0, 12, 7, 7, 7, 0, 0, 0, 0, 0, 0, 5, 127, 83, 2, 1]
[19, 19, 31, 63, 0, -6, 19, 31, 31, 0, -6, -6, 31, 12, 0, 0, 0, 0, 0, 0, 0, 0, 0, 0, 0, 10, 172, 146, 1, 1]
[0, 0, 19, -2, 0, -2, 49, 19, 19, 0, 28, 28, 47, 0, 0, 49, 49, 47, 49, 0, 0, 0, 0, 0, 0, 10, 202, 73, 0, 1]
[37, 19, 12, 12, 0, 19, 19, 37, 19, 0, 19, 39, 41, 41, 0, 39, 39, 39, 32, 0, 0, 0, 0, 0, 0, 4, 69, 124, 2, 1]
[0, 0, 0, 0, 0, -4, -2, 12, -2, 0, -2, 12, 12, -2, 0, 12, 12, 12, 12, 0, 0, 0, 0, 0, 0, 10, 199, 27, 0, 1]
[72, 12, 12, 12, 0, 19, 19, 0, 0, 0, 19, 19, 19, -2, 0, 19, 19, -6, 11, 0, 0, 0, 0, 0, 0, 5, 125, 85, 2, 1]
[30, 54, 30, 30, 0, 36, 48, 48, 30, 0, 38, 40, 52, 18, 0, 38, 18, 18, -2, 0, 0, 0, 0, 0, 0, 4, 68, 125, 2, 1]
[7, 7, 7, 20, 0, 7, 7, 20, 11, 0, -6, 24, 39, 11, 0, -6, 24, 37, 37, 0, 0, 0, 0, 0, 0, 10, 174, 116, 1, 1]
[12, 12, -2, 12, 0, 12, 12, 12, 12, 0, 12, 12, 12, 12, 0, 7, 0, 22, 0, 0, 0, 0, 0, 0, 0, 10, 181, 58, 0, 1]
[0, 12, 12, 19, 0, 23, 0, 19, 19, 0, 23, 44, 19, 19, 0, 23, 23, 48, 31, 0, 0, 0, 0, 0, 0, 5, 155, 84, 2, 1]
[36, 31, 37, 37, 0, 31, 24, 24, 37, 0, -6, 24, 24, 24, 0, -6, -6, 24, -2, 0, 0, 0, 0, 0, 0, 10, 172, 131, 1, 1]
[-6, -6, 23, 30, 0, -6, 47, 23, 23, 0, 18, 18, 41, 23, 0, 18, 18, 18, 43, 0, 0, 0, 0, 0, 0, 4, 83, 111, 2, 1]
[-4, -4, 12, 12, 0, -2, 12, 12, 12, 0, 12, 12, 12, 12, 0, 19, 12, 12, 12, 0, 0, 0, 0, 0, 0, 10, 198, 41, 0, 1]
[30, 30, 49, 49, 0, 38, 49, 51, 19, 0, 6, 36, 19, 19, 0, 6, 6, 6, 19, 0, 0, 0, 0, 0, 0, 5, 140, 98, 2, 1]
[18, -6, 18, 25, 0, 0, 18, 18, 18, 0, -2, -4, 18, 18, 0, -2, -2, -2, 18, 0, 0, 0, 0, 0, 0, 4, 97, 125, 2, 1]
[7, 24, 39, 37, 0, 24, 24, 24, 37, 0, -6, 24, 24, 24, 0, 0, 0, 0, 0, 0, 0, 0, 0, 0, 0, 10, 173, 146, 1, 1]
[12, 12, 12, 12, 0, 28, 17, 12, 0, 0, 17, 17, 29, -2, 0, 17, 17, 17, 17, 0, 0, 0, 0, 0, 0, 10, 167, 88, 0, 1]
[44, 44, 0, 30, 0, 44, 0, 30, 49, 0, -6, -2, 19, 51, 0, 8, 19, 19, 19, 0, 0, 0, 0, 0, 0, 5, 126, 82, 2, 1]
[-6, 7, 7, 7, 0, -6, 15, 7, 7, 0, 22, 15, 15, 7, 0, 15, 15, 15, 15, 0, 0, 0, 0, 0, 0, 6, 83, 111, 2, 1]
[7, 30, 18, 32, 0, 8, -6, -6, 53, 0, -2, -6, 19, 31, 0, -2, 19, 19, 19, 0, 0, 0, 0, 0, 0, 10, 174, 130, 1, 1]
[51, -2, 30, 44, 0, 7, 37, 30, 30, 0, 7, 7, 43, 30, 0, 15, 7, -6, 48, 0, 0, 0, 0, 0, 0, 5, 110, 84, 2, 1]
[35, 35, 28, 28, 0, 41, 41, 49, 31, 0, 7, 53, 31, 31, 0, 19, 12, 31, 31, 0, 0, 0, 0, 0, 0, 10, 200, 101, 0, 1]
[-6, 44, 44, 44, 0, 0, 0, 44, 0, 0, -6, -6, 15, 7, 0, 18, 15, 15, 15, 0, 0, 0, 0, 0, 0, 6, 97, 81, 2, 1]
[0, -2, 27, 20, 0, -2, 20, 20, 20, 0, -2, -2, 20, 20, 0, 0, 0, 0, 0, 0, 0, 0, 0, 0, 0, 10, 158, 144, 1, 1]
[51, -6, -6, 44, 0, 51, -6, 44, 54, 0, 0, 0, 8, 52, 0, -2, 8, 8, 8, 0, 0, 0, 0, 0, 0, 6, 95, 65, 2, 1]
[61, 30, -2, -2, 0, 45, 45, 30, 0, 0, 51, 51, 27, 12, 0, 51, 15, 12, 12, 0, 0, 0, 0, 0, 0, 5, 140, 86, 2, 1]
[27, 27, 27, 32, 0, 27, 27, 30, 32, 0, 27, 32, 30, 32, 0, 20, 20, 30, 34, 0, 0, 0, 0, 0, 0, 10, 171, 118, 0, 1]
[-2, 0, -2, 30, 0, 0, 0, -2, 20, 0, -2, -2, 20, 20, 0, -2, 20, 20, 20, 0, 0, 0, 0, 0, 0, 10, 144, 128, 1, 1]
[37, -6, 51, 51, 0, 37, -6, 8, 51, 0, 37, 8, 8, 40, 0, 8, 8, 8, 8, 0, 0, 0, 0, 0, 0, 6, 79, 50, 2, 1]
[30, 15, 12, 12, 0, 15, 15, 15, 12, 0, 15, 27, 27, 27, 0, 15, 27, 27, 12, 0, 0, 0, 0, 0, 0, 5, 170, 87, 2, 1]
[-6, 7, 27, 27, 0, -6, -6, 27, 27, 0, 12, -6, 20, 27, 0, 12, 12, 20, 32, 0, 0, 0, 0, 0, 0, 10, 202, 116, 0, 1]
[8, 30, 30, 30, 0, -2, 0, 30, -6, 0, -2, 0, 20, -6, 0, 18, 20, 20, 20, 0, 0, 0, 0, 0, 0, 10, 128, 98, 1, 1]
[37, 37, -6, -6, 0, 37, 37, -6, 8, 0, 37, 37, 8, 8, 0, 37, 47, 8, 8, 0, 0, 0, 0, 0, 0, 6, 78, 34, 2, 1]
[30, 51, -2, -2, 0, 42, 30, 0, 15, 0, 44, 12, 15, 27, 0, 12, 12, 12, 27, 0, 0, 0, 0, 0, 0, 5, 185, 85, 2, 1]
[8, 30, 30, 30, 0, 30, 30, 30, 50, 0, -6, 30, 50, 59, 0, -6, 20, 50, 20, 0, 0, 0, 0, 0, 0, 10, 126, 82, 1, 1]
[7, 20, 39, 37, 0, -6, 20, 20, 37, 0, -6, 20, 20, 20, 0, 0, 0, 0, 0, 0, 0, 0, 0, 0, 0, 10, 172, 147, 0, 1]
[51, 51, 51, 8, 0, 51, 51, 63, 8, 0, 51, 61, 61, 8, 0, 51, 51, 61, 8, 0, 0, 0, 0, 0, 0, 6, 62, 33, 2, 1]
[-6, -2, -2, -2, 0, 8, -2, 0, 45, 0, -6, 30, 20, -2, 0, 30, 50, 50, 20, 0, 0, 0, 0, 0, 0, 10, 110, 52, 1, 1]
[-2, 44, 44, 44, 0, 56, 44, 44, 44, 0, 12, 58, 61, 44, 0, 12, 15, 59, 15, 0, 0, 0, 0, 0, 0, 5, 155, 55, 2, 1]
[7, 0, 0, 0, 0, 20, 20, 20, -2, 0, 20, 20, 30, 20, 0, 20, 32, 30, 32, 0, 0, 0, 0, 0, 0, 10, 189, 103, 0, 1]
[0, 0, 0, 0, 0, -2, 8, -6, -6, 0, 8, 8, 8, -6, 0, 47, 8, 8, 8, 0, 0, 0, 0, 0, 0, 6, 47, 19, 2, 1]
[8, 8, -2, -2, 0, 8, 8, 8, 20, 0, 8, 8, 20, 20, 0, 8, 20, 20, 20, 0, 0, 0, 0, 0, 0, 10, 108, 36, 1, 1]
[0, 0, 0, 0, 0, -2, -4, -4, -2, 0, -2, -2, 15, 51, 0, 12, 15, 66, 66, 0, 0, 0, 0, 0, 0, 5, 153, 25, 2, 1]
[50, 20, 0, 0, 0, 39, 20, 20, 0, 0, 39, 37, 20, 0, 0, 39, 37, 39, 0, 0, 0, 0, 0, 0, 0, 10, 201, 104, 0, 1]
[0, 0, 0, 0, 0, 8, 8, 12, -2, 0, 8, 20, 20, 12, 0, 20, 20, 12, 12, 0, 0, 0, 0, 0, 0, 6, 61, 21, 2, 1]
[8, -2, 15, 70, 0, 20, 15, 68, 68, 0, 20, 63, 66, 66, 0, 12, -2, 51, 68, 0, 0, 0, 0, 0, 0, 5, 151, 39, 2, 1]
[0, 0, 0, 0, 0, 8, 20, 8, -2, 0, 20, 20, 20, 15, 0, 20, 20, 27, 79, 0, 0, 0, 0, 0, 0, 10, 92, 22, 1, 1]
[39, 37, 20, 0, 0, 39, 20, 20, 0, 0, 20, 20, 20, 0, 0, 0, 0, 0, 0, 0, 0, 0, 0, 0, 0, 10, 216, 149, 0, 1]
[8, 20, 20, 12, 0, 20, 20, 20, 27, 0, 8, 20, 27, 19, 0, -6, 8, 12, 7, 0, 0, 0, 0, 0, 0, 6, 91, 37, 2, 1]
[0, 0, 0, 0, 0, -6, -6, 12, 20, 0, -6, 12, 20, 20, 0, -6, 8, 20, 27, 0, 0, 0, 0, 0, 0, 10, 106, 21, 1, 1]
[0, 0, 0, 0, 0, 12, 20, -2, 19, 0, 20, 20, 27, 19, 0, 20, 27, 27, 78, 0, 0, 0, 0, 0, 0, 5, 137, 23, 2, 1]
[0, 0, 0, 0, 0, -2, 24, 24, 0, 0, 24, 24, 24, 0, 0, 43, 24, 24, 0, 0, 0, 0, 0, 0, 0, 10, 219, 104, 0, 1]
[0, 0, 0, 0, 0, 0, 0, 0, 0, 0, -6, 12, 12, 27, 0, 12, 12, 27, 27, 0, 0, 0, 0, 0, 0, 10, 91, 6, 1, 1]
[12, 27, 19, 74, 0, 27, 27, 80, 72, 0, 20, 27, 27, 78, 0, 8, 8, 27, -2, 0, 0, 0, 0, 0, 0, 5, 121, 38, 2, 1]
[-6, 12, 20, 27, 0, -6, 20, 27, 27, 0, -6, -6, 20, 27, 0, 0, 0, 0, 20, 0, 0, 0, 0, 0, 0, 6, 107, 51, 2, 1]
[-2, 24, 24, 24, 0, 0, 0, 24, 0, 0, 24, 24, 24, 24, 0, 36, 24, 24, 24, 0, 0, 0, 0, 0, 0, 10, 216, 88, 0, 1]
[0, 0, 0, 0, 0, 12, 12, 12, 15, 0, 12, 20, 15, 57, 0, 8, 23, 63, 55, 0, 0, 0, 0, 0, 0, 10, 90, 22, 1, 1]
[12, 20, 15, 68, 0, 8, 23, 74, 66, 0, 8, 8, 53, 76, 0, 8, 38, 38, 45, 0, 0, 0, 0, 0, 0, 1, 122, 52, 2, 1]
[37, -6, 20, 23, 0, 37, 20, 23, 23, 0, 0, 0, 20, 53, 0, 37, -6, 30, 52, 0, 0, 0, 0, 0, 0, 6, 93, 65, 2, 1]
[-6, 24, 24, 24, 0, -6, 24, 36, 24, 0, -6, 38, 36, 34, 0, 10, 36, 36, 34, 0, 0, 0, 0, 0, 0, 10, 200, 117, 0, 1]
[0, 0, 0, 0, 0, 0, 0, 0, 0, 0, -6, 12, 12, 12, 0, 12, 12, 15, 12, 0, 0, 0, 0, 0, 0, 10, 106, 7, 1, 1]
[15, 15, 15, 44, 0, 23, 15, 61, 61, 0, 23, 67, 59, 44, 0, 8, 38, 44, 44, 0, 0, 0, 0, 0, 0, 1, 108, 68, 2, 1]
[51, 51, -6, -6, 0, 51, 51, -6, 20, 0, 51, 51, 20, 20, 0, 0, 20, 20, 20, 0, 0, 0, 0, 0, 0, 6, 79, 49, 2, 1]
[0, 24, 0, 0, 0, 24, 24, 24, 0, 0, 36, 24, 24, 0, 0, 36, 34, 24, 0, 0, 0, 0, 0, 0, 0, 10, 187, 104, 0, 1]
[0, 0, 0, 0, 0, -6, 12, 12, 12, 0, 8, -6, 12, 12, 0, 8, 8, -2, 57, 0, 0, 0, 0, 0, 0, 10, 105, 21, 1, 1]
[51, -6, 12, 12, 0, 51, 20, 12, 12, 0, 73, 20, 20, 12, 0, 20, 20, 20, 20, 0, 0, 0, 0, 0, 0, 6, 63, 35, 2, 1]
[64, 59, 44, 44, 0, 15, 61, 61, 44, 0, 15, 15, 59, 15, 0, 15, 15, 15, -6, 0, 0, 0, 0, 0, 0, 1, 124, 69, 2, 1]
[46, 3, 3, 28, 0, 3, 3, 54, 54, 0, 3, 28, 54, 54, 0, -6, -6, 56, 54, 0, 0, 0, 0, 0, 0, 10, 216, 101, 0, 1]
[0, 0, 0, 0, 0, 52, -6, 20, 12, 0, 52, 20, 20, 20, 0, 62, 8, 20, 67, 0, 0, 0, 0, 0, 0, 10, 91, 20, 1, 1]
[51, 51, 51, 12, 0, 51, 51, 67, 20, 0, 51, 51, 73, 20, 0, 51, 51, 51, 20, 0, 0, 0, 0, 0, 0, 6, 77, 33, 2, 1]
[-2, 44, -4, -4, 0, 58, 44, 44, -2, 0, 44, 44, 59, 44, 0, 44, 61, 61, 15, 0, 0, 0, 0, 0, 0, 1, 139, 39, 2, 1]
[0, 24, 0, 0, 0, 43, 24, 24, 0, 0, 43, 41, 24, 0, 0, 43, 41, 43, 0, 0, 0, 0, 0, 0, 0, 10, 171, 104, 0, 1]
[0, 0, 0, 0, 0, 0, 0, 0, 0, 0, 47, 12, 12, 12, 0, 61, 20, 12, 12, 0, 0, 0, 0, 0, 0, 10, 76, 5, 1, 1]
[0, 0, 0, 0, 0, 37, 59, 12, 12, 0, 59, 61, 20, 12, 0, 59, 59, 20, 20, 0, 0, 0, 0, 0, 0, 6, 47, 19, 2, 1]
[20, 51, 68, 68, 0, -2, 15, 66, 66, 0, -2, 0, 15, 68, 0, 0, 0, 0, 15, 0, 0, 0, 0, 0, 0, 1, 137, 53, 2, 1]
[55, 3, -2, 54, 0, 3, 0, 28, 28, 0, -6, 28, 54, 54, 0, -6, -6, 54, 54, 0, 0, 0, 0, 0, 0, 10, 216, 86, 0, 1]
[0, 0, 0, 0, 0, 0, 0, 0, 0, 0, 20, 12, 12, -2, 0, 20, 20, -2, 3, 0, 0, 0, 0, 0, 0, 10, 75, 7, 1, 1]
[-2, 20, 20, 20, 0, 55, 20, 20, 20, 0, 33, 55, 20, 20, 0, 33, 33, 20, -6, 0, 0, 0, 0, 0, 0, 6, 61, 34, 2, 1]
[12, 15, 47, 47, 0, 15, 62, 62, 47, 0, 15, 15, 64, 64, 0, 15, 15, 15, 47, 0, 0, 0, 0, 0, 0, 1, 123, 54, 2, 1]
[51, 24, 24, 24, 0, 0, 24, 24, 0, 0, 50, 50, 48, 24, 0, 50, 50, 48, 50, 0, 0, 0, 0, 0, 0, 10, 170, 88, 0, 1]
[0, 0, 0, 0, 0, 0, 0, 0, 0, 0, -2, 8, 12, 12, 0, 8, 8, 8, 12, 0, 0, 0, 0, 0, 0, 10, 105, 5, 1, 1]
[12, 20, 12, 12, 0, 20, 20, 20, 12, 0, 20, 20, 20, 69, 0, 55, 20, 20, -2, 0, 0, 0, 0, 0, 0, 6, 62, 35, 2, 1]
[0, 0, 0, 0, 0, 12, 47, -4, -4, 0, 47, 47, 64, -2, 0, 55, 62, 62, 62, 0, 0, 0, 0, 0, 0, 1, 138, 24, 2, 1]
[-6, 24, 50, 50, 0, 24, 24, 50, 50, 0, -6, 24, 52, 50, 0, -6, -6, 50, 24, 0, 0, 0, 0, 0, 0, 10, 200, 116, 0, 1]
[0, 0, 0, 0, 0, 0, 0, 0, 0, 0, 12, 20, 12, 12, 0, 20, 20, 20, 3, 0, 0, 0, 0, 0, 0, 10, 75, 6, 1, 1]
[0, 0, 0, 0, 0, 12, 12, 15, 15, 0, 20, 15, 15, 15, 0, 20, 8, 49, 15, 0, 0, 0, 0, 0, 0, 1, 136, 23, 2, 1]
[0, 0, 0, 0, 0, 0, 0, 0, 0, 0, 41, 12, 20, 12, 0, 41, 20, 20, 23, 0, 0, 0, 0, 0, 0, 6, 77, 5, 2, 1]
[19, 20, 0, 0, 0, 41, 39, 20, 0, 0, 41, 20, 20, 0, 0, 20, 20, 20, 0, 0, 0, 0, 0, 0, 0, 10, 172, 104, 0, 1]
[0, 0, 0, 0, 0, 41, 51, 20, 20, 0, 41, 41, 8, 20, 0, 41, 41, -6, 8, 0, 0, 0, 0, 0, 0, 6, 75, 19, 2, 1]
[0, 0, 0, 0, 0, 20, 12, 15, 15, 0, 20, 23, 15, 3, 0, 8, 12, 3, 3, 0, 0, 0, 0, 0, 0, 10, 90, 22, 1, 1]
[23, 23, 11, -4, 0, 23, 23, 23, 11, 0, 23, 23, 11, 0, 0, 12, 11, -2, -2, 0, 0, 0, 0, 0, 0, 1, 121, 39, 2, 1]
[33, 34, 56, 56, 0, 33, 33, 56, 56, 0, 33, -6, 20, 56, 0, -6, -6, 20, 20, 0, 0, 0, 0, 0, 0, 10, 216, 116, 0, 1]
[0, 0, 0, 0, 0, 0, 0, 0, 0, 0, 51, 8, 8, 12, 0, 53, 8, 20, 20, 0, 0, 0, 0, 0, 0, 6, 61, 5, 2, 1]
[0, 0, 0, 0, 0, 20, 20, 20, 3, 0, 20, 20, 23, 23, 0, 20, 23, 23, 3, 0, 0, 0, 0, 0, 0, 10, 106, 23, 1, 1]
[0, 0, 0, 0, 0, 20, 12, 23, -4, 0, 12, 23, 23, 23, 0, 23, 23, 23, 11, 0, 0, 0, 0, 0, 0, 1, 137, 24, 2, 1]
[20, 56, 20, 20, 0, 20, 20, 20, 20, 0, 20, 20, 20, 20, 0, 20, 20, 20, 20, 0, 0, 0, 0, 0, 0, 10, 172, 133, 0, 1]
[51, 8, 8, 8, 0, 41, 8, 8, 20, 0, 41, -6, 8, -2, 0, 41, -6, -6, -2, 0, 0, 0, 0, 0, 0, 6, 75, 35, 2, 1]
[0, 0, 0, 0, 0, 8, -2, 12, 15, 0, 8, 20, 15, 15, 0, 8, 8, 20, 15, 0, 0, 0, 0, 0, 0, 10, 121, 22, 1, 1]
[0, 0, 0, 0, 0, 0, 0, 0, 0, 0, 15, 15, 15, -2, 0, 15, 15, 15, 15, 0, 0, 0, 0, 0, 0, 1, 136, 10, 2, 1]
[15, 15, 15, 0, 0, 15, 15, 15, 0, 0, 15, 15, 15, 0, 0, 0, 0, 0, 0, 0, 0, 0, 0, 0, 0, 10, 203, 149, 0, 1]
[0, 0, 0, 0, 0, 0, 0, 0, 0, 0, 3, 3, 3, 3, 0, 15, 3, 3, -2, 0, 0, 0, 0, 0, 0, 1, 150, 11, 2, 1]
[0, 0, 0, 0, 0, 0, 0, 0, 0, 0, -6, 8, 15, 15, 0, 8, 23, 23, 15, 0, 0, 0, 0, 0, 0, 10, 106, 6, 1, 1]
[0, 0, 0, 0, 0, 0, 0, 0, 0, 0, 41, 12, 20, 12, 0, 41, 20, 20, 20, 0, 0, 0, 0, 0, 0, 6, 77, 5, 2, 1]
[12, 36, 34, 20, 0, -6, 34, 20, 20, 0, -6, 20, 20, 20, 0, 0, 0, 0, 0, 0, 0, 0, 0, 0, 0, 10, 219, 147, 0, 1]
[0, 0, 0, 0, 0, 0, 0, 0, 0, 0, 43, 43, 53, 20, 0, 43, 43, 43, 8, 0, 0, 0, 0, 0, 0, 6, 75, 3, 2, 1]
[0, 0, 0, 0, 0, 54, 20, 20, 20, 0, 56, 8, 20, 20, 0, 54, -6, -6, 52, 0, 0, 0, 0, 0, 0, 10, 90, 20, 1, 1]
[0, 0, 0, 0, 0, 0, 0, 0, 0, 0, -2, 11, 11, 11, 0, -2, -2, 11, 11, 0, 0, 0, 0, 0, 0, 1, 165, 10, 2, 1]
[-6, -6, 36, 20, 0, -6, -6, 20, 20, 0, -6, -6, 20, 20, 0, -6, -6, 20, 20, 0, 0, 0, 0, 0, 0, 10, 189, 131, 0, 1]
[0, 0, 0, 0, 0, 0, 0, 0, 0, 0, 53, 20, 20, 12, 0, 67, 62, 12, 43, 0, 0, 0, 0, 0, 0, 6, 45, 5, 2, 1]
[0, 0, 0, 0, 0, 13, 13, 13, 13, 0, 13, 13, 13, -2, 0, 15, 13, 0, 0, 0, 0, 0, 0, 0, 0, 3, 150, 26, 2, 1]
[0, 0, 0, 0, 0, 20, 20, 8, -2, 0, 20, 52, 20, -2, 0, 63, 52, 30, 0, 0, 0, 0, 0, 0, 0, 10, 76, 22, 1, 1]
[20, 20, 20, 0, 0, 20, 20, 20, 0, 0, 20, 20, 20, 0, 0, 20, 20, 20, 0, 0, 0, 0, 0, 0, 0, 10, 173, 134, 0, 1]
[0, 0, 0, 0, 0, 0, 0, 0, 0, 0, 29, 29, 8, 8, 0, 29, 29, 29, 57, 0, 0, 0, 0, 0, 0, 6, 75, 3, 2, 1]
[67, 63, 63, 63, 0, 44, 63, 61, 32, 0, 22, 44, 32, 15, 0, 22, 22, 15, 15, 0, 0, 0, 0, 0, 0, 7, 106, 52, 1, 1]
[13, 13, 13, 13, 0, 0, 13, 13, 13, 0, 26, -2, 13, -2, 0, 15, 15, 0, 0, 0, 0, 0, 0, 0, 0, 3, 166, 56, 2, 1]
[-6, 5, 20, 20, 0, -6, 20, 20, 20, 0, -6, 20, 20, 20, 0, -6, 20, 20, 20, 0, 0, 0, 0, 0, 0, 10, 218, 117, 0, 1]
[0, 0, 0, 0, 0, 0, 0, 0, 0, 0, 53, 57, 57, -2, 0, 55, 57, 43, 43, 0, 0, 0, 0, 0, 0, 6, 45, 5, 2, 1]
[17, -2, -2, -2, 0, 17, 17, 0, 5, 0, 17, 17, 22, 5, 0, 17, 18, 0, 5, 0, 0, 0, 0, 0, 0, 7, 108, 54, 1, 1]
[22, 22, 22, 13, 0, 9, 22, 13, 13, 0, 16, -6, 25, 12, 0, 1, 1, 12, 12, 0, 0, 0, 0, 0, 0, 3, 168, 86, 2, 1]
[21, 5, 25, 25, 0, 1, 12, 25, 25, 0, 1, -6, 25, 20, 0, -6, -6, 20, 20, 0, 0, 0, 0, 0, 0, 10, 187, 116, 0, 1]
[0, 0, 0, 0, 0, 0, 0, 0, 0, 0, 57, 57, 8, 8, 0, 57, 8, 8, -2, 0, 0, 0, 0, 0, 0, 6, 75, 6, 2, 1]
[0, 0, 0, 0, 0, 8, 8, -4, -4, 0, 8, -2, 17, -2, 0, 0, 17, 17, 17, 0, 0, 0, 0, 0, 0, 7, 138, 24, 1, 1]
[0, 0, 13, 13, 0, -2, 13, 13, 25, 0, 1, -6, 13, 25, 0, 1, 1, -6, 25, 0, 0, 0, 0, 0, 0, 3, 170, 100, 2, 1]
[25, 25, 20, 20, 0, 25, 20, 20, 20, 0, 20, 20, 20, 20, 0, 20, 20, 20, 20, 0, 0, 0, 0, 0, 0, 10, 172, 133, 0, 1]
[0, 0, 0, 0, 0, 0, 0, 0, 0, 0, 43, 57, 8, 8, 0, 43, 43, 57, 8, 0, 0, 0, 0, 0, 0, 6, 90, 5, 2, 1]
[17, 17, 17, 17, 0, 0, 17, 17, 17, 0, 29, -2, 17, -2, 0, 29, 29, 0, 5, 0, 0, 0, 0, 0, 0, 7, 136, 54, 1, 1]
[13, 13, 13, 25, 0, -2, 13, 13, 25, 0, -2, -6, 13, 12, 0, -2, -6, -6, 12, 0, 0, 0, 0, 0, 0, 3, 156, 130, 2, 1]
[20, 20, 20, 0, 0, 20, 20, 20, 0, 0, 20, 20, 20, 0, 0, 25, 20, 20, 0, 0, 0, 0, 0, 0, 0, 10, 203, 119, 0, 1]
[0, 0, 0, 0, 0, 0, 0, 0, 0, 0, 8, 8, 8, 8, 0, 8, 8, 8, -2, 0, 0, 0, 0, 0, 0, 6, 75, 6, 2, 1]
[8, 8, 8, -2, 0, -6, 8, 0, 17, 0, 23, -2, 17, 17, 0, 23, 23, 0, 17, 0, 0, 0, 0, 0, 0, 7, 138, 52, 1, 1]
[0, 0, 0, -2, 0, -2, -2, 20, -2, 0, 0, 0, 20, 0, 0, 20, 20, 20, 20, 0, 0, 0, 0, 0, 0, 10, 217, 73, 0, 1]
[-6, 13, 12, 12, 0, 13, 13, 25, 12, 0, 13, 13, 13, 25, 0, 13, 13, 13, -2, 0, 0, 0, 0, 0, 0, 3, 158, 131, 2, 1]
[0, 0, 0, 0, 0, 46, 53, 8, 8, 0, 46, 39, 53, 8, 0, 46, 39, 39, 58, 0, 0, 0, 0, 0, 0, 6, 90, 20, 2, 1]
[8, 8, -2, -2, 0, 54, 8, 17, -2, 0, 54, 59, 17, 17, 0, 63, 17, 42, 17, 0, 0, 0, 0, 0, 0, 7, 108, 37, 1, 1]
[25, 25, 20, 20, 0, 5, 25, 25, 20, 0, 5, 5, 20, -2, 0, 0, 0, 0, 0, 0, 0, 0, 0, 0, 0, 10, 199, 148, 0, 1]
[-6, -2, 12, 12, 0, -6, 25, 12, 12, 0, 13, 25, 25, 12, 0, 13, 25, 25, 25, 0, 0, 0, 0, 0, 0, 3, 173, 117, 2, 1]
[0, 0, 0, 0, 0, -2, 47, 8, 8, 0, 47, 59, 61, 8, 0, 47, 47, 61, 70, 0, 0, 0, 0, 0, 0, 6, 76, 19, 2, 1]
[-2, 17, -2, -4, 0, 17, 17, 17, -2, 0, 17, 17, 17, 17, 0, 17, 17, 17, 33, 0, 0, 0, 0, 0, 0, 7, 107, 38, 1, 1]
[33, 33, 33, 25, 0, 33, 33, 25, 25, 0, 33, 13, 25, 25, 0, -6, -6, 25, 25, 0, 0, 0, 0, 0, 0, 3, 187, 116, 2, 1]
[0, 0, 0, -2, 0, -2, -2, 0, -2, 0, 0, 0, 20, 0, 0, 39, 20, 20, 20, 0, 0, 0, 0, 0, 0, 10, 204, 73, 0, 1]
[49, 59, 8, 56, 0, 59, 61, 56, 56, 0, 49, 59, 56, 56, 0, 49, 49, 56, 42, 0, 0, 0, 0, 0, 0, 6, 61, 34, 2, 1]
[0, 0, 0, 0, 0, -2, -2, 17, -4, 0, 43, 17, 17, 17, 0, 62, 60, 17, 17, 0, 0, 0, 0, 0, 0, 7, 122, 23, 1, 1]
[56, 21, 21, 21, 0, 28, 28, 21, 21, 0, 28, 28, 28, 21, 0, 7, 28, 21, 21, 0, 0, 0, 0, 0, 0, 10, 199, 118, 0, 1]
[50, 28, 28, 12, 0, 16, 28, 28, 28, 0, 16, 28, 28, 12, 0, -6, 28, 12, 12, 0, 0, 0, 0, 0, 0, 5, 172, 132, 2, 1]
[0, 0, 0, 0, 0, 50, 50, 61, 9, 0, 64, 61, 61, 61, 0, 64, 60, 59, 44, 0, 0, 0, 0, 0, 0, 7, 121, 22, 1, 1]
[0, 0, 0, 0, 0, 28, 17, 49, 60, 0, 49, 72, 72, 60, 0, 47, 17, 72, 68, 0, 0, 0, 0, 0, 0, 6, 62, 20, 2, 1]
[-2, -2, -2, 0, 0, 33, 20, -2, 0, 0, 20, 20, 20, 0, 0, 0, 20, 0, 0, 0, 0, 0, 0, 0, 0, 10, 202, 59, 0, 1]
[-6, 12, 12, 12, 0, -6, -2, 27, 12, 0, -6, 15, 15, 27, 0, 15, 15, 15, 15, 0, 0, 0, 0, 0, 0, 5, 188, 117, 2, 1]
[0, 0, 0, 0, 0, 49, 49, 49, 56, 0, 49, 49, 61, 56, 0, 49, 49, 49, 56, 0, 0, 0, 0, 0, 0, 6, 76, 18, 2, 1]
[57, 43, 17, 17, 0, 57, 66, 62, 17, 0, 57, 43, 17, 17, 0, 43, -6, -2, 17, 0, 0, 0, 0, 0, 0, 7, 106, 36, 1, 1]
[9, 26, 26, 26, 0, 9, 9, 26, 46, 0, 9, -2, 20, 48, 0, 0, 0, 0, 0, 0, 0, 0, 0, 0, 0, 10, 213, 54, 0, 1]
[15, 15, 15, -2, 0, 15, 15, 15, 15, 0, 15, 15, 15, -4, 0, -2, 15, -2, -2, 0, 0, 0, 0, 0, 0, 5, 187, 133, 2, 1]
[0, 0, 0, 0, 0, 0, 28, 49, 61, 0, 0, 28, 38, 61, 0, 0, 28, 28, 40, 0, 0, 0, 0, 0, 0, 8, 46, 16, 2, 1]
[50, 19, 19, 31, 0, 19, 19, 31, 31, 0, -6, 19, 31, 31, 0, 0, 0, 19, 12, 0, 0, 0, 0, 0, 0, 7, 92, 51, 1, 1]
[22, 22, -2, -2, 0, 22, 22, 22, -2, 0, 22, 22, 22, 22, 0, 0, 0, 22, 0, 0, 0, 0, 0, 0, 0, 10, 138, 58, 0, 1]
[-6, -4, 29, 29, 0, -6, 17, 17, 29, 0, -6, -2, 17, 17, 0, 0, 0, 0, 0, 0, 0, 0, 0, 0, 0, 5, 203, 147, 2, 1]
[0, 0, 0, 0, 0, 0, 0, 0, 0, 0, 0, 0, 10, 10, 0, 0, 0, 10, 52, 0, 0, 0, 0, 0, 0, 8, 16, 0, 2, 1]
[-6, -2, -2, 50, 0, 43, 19, -2, -2, 0, 19, 19, 19, 0, 0, 19, 19, 19, 31, 0, 0, 0, 0, 0, 0, 7, 93, 37, 1, 1]
[48, 48, 72, 72, 0, 48, 72, 72, 22, 0, 31, 70, 22, 22, 0, 22, 22, 22, 22, 0, 0, 0, 0, 0, 0, 10, 198, 41, 0, 1]
[-6, -2, -2, 0, 0, -6, -4, 17, 0, 0, -6, 17, 17, 17, 0, 17, 17, 17, 17, 0, 0, 0, 0, 0, 0, 5, 189, 132, 2, 1]
[0, 0, 0, 0, 0, 0, 61, 61, 61, 0, 0, 10, 59, 49, 0, 0, 10, 0, 49, 0, 0, 0, 0, 0, 0, 8, 0, 16, 2, 1]
[-2, 19, 12, 51, 0, 19, 31, 31, 12, 0, 31, 31, 31, 31, 0, 19, 31, 31, 12, 0, 0, 0, 0, 0, 0, 7, 107, 38, 1, 1]
[31, 31, 57, 57, 0, 31, 31, 31, 55, 0, 31, 31, 22, 22, 0, 9, 0, 0, 0, 0, 0, 0, 0, 0, 0, 10, 167, 55, 0, 1]
[-6, 17, 17, 17, 0, 17, 17, 17, 17, 0, -6, 17, 17, 17, 0, 0, 0, 0, 0, 0, 0, 0, 0, 0, 0, 5, 188, 147, 2, 1]
[10, 10, 61, 49, 0, 10, 10, 10, 63, 0, 10, 10, 10, 28, 0, -2, 31, 28, 28, 0, 0, 0, 0, 0, 0, 8, 16, 32, 2, 1]
[-2, 31, 31, 68, 0, 31, 31, 31, 31, 0, 12, 31, 31, 31, 0, 0, 12, 19, 0, 0, 0, 0, 0, 0, 0, 7, 122, 53, 1, 1]
[22, 31, 57, 57, 0, 31, 31, 31, 55, 0, 31, 31, 31, 31, 0, 31, 9, 9, 0, 0, 0, 0, 0, 0, 0, 10, 153, 54, 0, 1]
[-2, -2, 0, -2, 0, -4, 17, 0, -2, 0, 17, 17, 17, -4, 0, 17, 17, 17, 17, 0, 0, 0, 0, 0, 0, 5, 189, 133, 2, 1]
[0, 0, 0, 0, 0, 0, -2, 21, 61, 0, 0, 21, 59, 61, 0, 0, 33, 38, 61, 0, 0, 0, 0, 0, 0, 8, 32, 16, 2, 1]
[50, -2, 12, 31, 0, -6, 12, 31, 66, 0, -6, 31, 31, 31, 0, 0, 0, 31, 19, 0, 0, 0, 0, 0, 0, 7, 123, 52, 1, 1]
[57, 57, 57, 22, 0, 55, 55, 55, 55, 0, 66, 57, 57, 22, 0, 0, 33, 0, 0, 0, 0, 0, 0, 0, 0, 10, 138, 56, 0, 1]
[-2, 12, 12, 12, 0, -2, -2, 29, -2, 0, -4, 17, 17, 17, 0, 17, 17, 17, 17, 0, 0, 0, 0, 0, 0, 5, 203, 118, 2, 1]
[0, 0, 0, 0, 0, 61, 61, 49, -6, 0, 59, 61, 63, 49, 0, 59, 61, 49, -6, 0, 0, 0, 0, 0, 0, 8, 16, 18, 2, 1]
[19, 49, 49, 49, 0, 66, 66, 47, 47, 0, 31, 68, 68, 49, 0, 31, 19, 35, 0, 0, 0, 0, 0, 0, 0, 7, 108, 54, 1, 1]
[56, 64, 56, 22, 0, 62, 62, 62, 54, 0, 64, 64, 64, 30, 0, 8, 40, 8, 0, 0, 0, 0, 0, 0, 0, 10, 168, 55, 0, 1]
[-6, -2, 17, 17, 0, -6, 17, 17, 17, 0, -6, -2, 17, 17, 0, -6, -2, -2, 17, 0, 0, 0, 0, 0, 0, 5, 202, 132, 2, 1]
[0, 0, 0, 0, 0, 0, 0, 0, 0, 0, 47, 10, 10, 10, 0, 57, 59, 10, 10, 0, 0, 0, 0, 0, 0, 8, 46, 3, 2, 1]
[30, 48, 48, 48, 0, 64, 64, 46, 46, 0, 30, 66, 66, 48, 0, 18, 18, 34, 0, 0, 0, 0, 0, 0, 0, 6, 138, 56, 1, 1]
[-6, 22, 22, 22, 0, 0, 0, 22, 0, 0, -6, -2, 22, -2, 0, -6, 20, 0, -2, 0, 0, 0, 0, 0, 0, 10, 153, 82, 0, 1]
[-6, -6, 8, -2, 0, -6, -6, -2, 17, 0, -6, -6, 17, 17, 0, -6, 17, 17, 17, 0, 0, 0, 0, 0, 0, 5, 188, 116, 2, 1]
[0, 0, 0, 0, 0, 0, 0, 0, 0, 0, 10, 10, 10, -2, 0, 10, 10, -6, -2, 0, 0, 0, 0, 0, 0, 8, 45, 5, 2, 1]
[0, 0, 0, 0, 0, 49, 49, 49, -2, 0, 49, 49, 69, 49, 0, 61, 67, 67, 18, 0, 0, 0, 0, 0, 0, 6, 168, 26, 1, 1]
[26, 26, -6, 22, 0, 26, -6, -6, 44, 0, 20, 42, 42, 42, 0, 20, 20, 46, 44, 0, 0, 0, 0, 0, 0, 10, 110, 110, 0, 1]
[19, 19, 19, 19, 0, -6, 19, 19, 19, 0, -6, -6, 19, -2, 0, 0, 0, 0, 0, 0, 0, 0, 0, 0, 0, 7, 172, 146, 2, 1]
[0, 0, 0, 0, 0, 0, 0, 0, 0, 0, 10, 10, 59, 47, 0, 10, 59, 47, 47, 0, 0, 0, 0, 0, 0, 8, 75, 7, 2, 1]
[0, 0, 0, 0, 0, 0, 0, 0, 0, 0, 61, 63, 18, 18, 0, 61, 69, 69, 18, 0, 0, 0, 0, 0, 0, 6, 166, 10, 1, 1]
[42, 42, -2, -6, 0, 44, -2, -2, -6, 0, 44, 22, 22, 9, 0, 0, 0, 0, 0, 0, 0, 0, 0, 0, 0, 10, 82, 143, 0, 1]
[-6, 19, -2, 0, 0, 19, 19, 19, 0, 0, 19, 19, 19, 19, 0, 0, 0, 0, 0, 0, 0, 0, 0, 0, 0, 7, 174, 147, 2, 1]
[0, 0, 0, 0, 0, 0, 0, 0, 0, 0, 47, 10, 10, 10, 0, 47, 47, 10, 45, 0, 0, 0, 0, 0, 0, 8, 105, 6, 2, 1]
[0, 0, 0, 0, 0, 54, 18, 18, 18, 0, 34, 54, 18, 18, 0, 34, 34, 52, 0, 0, 0, 0, 0, 0, 0, 6, 150, 25, 1, 1]
[-6, -6, 22, 0, 0, 0, 22, 22, 22, 0, 22, 22, 22, -2, 0, 22, 22, 22, 22, 0, 0, 0, 0, 0, 0, 10, 129, 126, 0, 1]
[-2, -6, -6, -4, 0, 12, -6, -6, 19, 0, 12, -6, 19, 19, 0, 0, 0, 0, 0, 0, 0, 0, 0, 0, 0, 7, 189, 145, 2, 1]
[0, 0, 0, 0, 0, 0, 0, 0, 0, 0, -2, 10, 10, 59, 0, -4, -6, 63, 59, 0, 0, 0, 0, 0, 0, 8, 90, 5, 2, 1]
[-2, 56, 18, 18, 0, 54, 54, 54, 18, 0, 49, 52, 52, 52, 0, 34, 34, 54, -2, 0, 0, 0, 0, 0, 0, 6, 151, 40, 1, 1]
[22, 22, 22, -6, 0, 22, 22, -2, -6, 0, 22, -2, 22, 9, 0, 22, 22, 31, 9, 0, 0, 0, 0, 0, 0, 10, 98, 128, 0, 1]
[-2, -6, -6, -2, 0, -2, -6, 19, -4, 0, 12, 19, 19, 19, 0, 31, 19, 19, 19, 0, 0, 0, 0, 0, 0, 7, 159, 130, 2, 1]
[0, 0, 0, 0, 0, 0, 0, 0, 0, 0, -2, 10, 10, 62, 0, -2, -4, 62, 62, 0, 0, 0, 0, 0, 0, 8, 75, 4, 2, 1]
[0, 0, 0, 0, 0, 47, -2, 32, 53, 0, 47, 47, 51, 51, 0, 47, 17, 49, 49, 0, 0, 0, 0, 0, 0, 5, 152, 24, 1, 1]
[7, 7, 7, 29, 0, 7, 7, 33, 31, 0, 7, 31, 31, 31, 0, 0, 0, 0, 0, 0, 0, 0, 0, 0, 0, 10, 128, 140, 0, 1]
[0, 0, 0, 0, 0, -2, -6, -6, -2, 0, -2, -6, 19, -2, 0, -2, 19, 19, 19, 0, 0, 0, 0, 0, 0, 7, 158, 100, 2, 1]
[0, 0, 0, 0, 0, 0, 0, 0, 0, 0, -2, -2, 10, 56, 0, -4, 0, -2, 10, 0, 0, 0, 0, 0, 0, 8, 60, 2, 2, 1]
[33, 50, 50, 50, 0, 14, 31, 48, 17, 0, 14, 14, 33, -2, 0, 14, 0, 0, 9, 0, 0, 0, 0, 0, 0, 5, 136, 54, 1, 1]
[26, 0, 0, 0, 0, 19, 19, -2, 0, 0, 19, 19, 19, 0, 0, 19, 19, -2, 0, 0, 0, 0, 0, 0, 0, 7, 156, 102, 2, 1]
[-6, 37, 13, 13, 0, -6, 37, 35, 13, 0, 35, 35, 35, -2, 0, 39, 37, -2, 22, 0, 0, 0, 0, 0, 0, 10, 84, 112, 0, 1]
[0, 0, 0, 0, 0, 0, 0, 0, 0, 0, 0, 0, 10, 10, 0, 0, 0, -4, 10, 0, 0, 0, 0, 0, 0, 8, 30, 0, 2, 1]
[-2, 40, 40, 40, 0, 40, 40, 40, 59, 0, 37, 52, 57, 57, 0, 51, 29, 71, 17, 0, 0, 0, 0, 0, 0, 5, 138, 38, 1, 1]
[19, 19, 19, 19, 0, -6, 19, 19, 19, 0, -6, -2, 19, 0, 0, -6, -2, -2, -2, 0, 0, 0, 0, 0, 0, 7, 186, 132, 2, 1]
[23, 23, 23, 23, 0, 27, 27, 25, -2, 0, 25, 25, 25, 22, 0, 0, 0, 0, 0, 0, 0, 0, 0, 0, 0, 10, 112, 141, 0, 1]
[0, 0, 10, 10, 0, 0, 0, 10, 18, 0, 0, 0, 20, 22, 0, 0, 0, 22, 22, 0, 0, 0, 0, 0, 0, 8, 0, 30, 2, 1]
[57, 57, 17, -2, 0, 55, 17, 17, 17, 0, 17, 17, 17, -2, 0, 0, 17, 0, 0, 0, 0, 0, 0, 0, 0, 5, 122, 54, 1, 1]
[-2, 19, 0, -2, 0, 19, 19, 19, -2, 0, 19, 19, 19, 19, 0, 19, 19, 19, -2, 0, 0, 0, 0, 0, 0, 7, 188, 133, 2, 1]
[7, 29, 29, 29, 0, 31, 31, 33, 22, 0, 31, 31, 22, 22, 0, 0, 0, 0, 0, 0, 0, 0, 0, 0, 0, 10, 99, 139, 0, 1]
[0, 0, 50, 46, 0, 0, 0, 48, 46, 0, 0, 0, 48, 46, 0, 0, 0, 10, 36, 0, 0, 0, 0, 0, 0, 8, 2, 45, 2, 1]
[23, 38, 17, 17, 0, 23, 40, 17, 17, 0, 23, 0, 17, 17, 0, -2, 0, -2, 17, 0, 0, 0, 0, 0, 0, 5, 138, 68, 1, 1]
[-6, -2, -2, 19, 0, -6, -4, 19, 19, 0, -6, 19, 19, 19, 0, -6, -2, 19, 19, 0, 0, 0, 0, 0, 0, 7, 203, 132, 2, 1]
[7, 7, 22, -6, 0, 7, 31, 31, -6, 0, 29, 29, 29, 29, 0, 6, 31, 31, 32, 0, 0, 0, 0, 0, 0, 10, 69, 108, 0, 1]
[0, 0, 21, 33, 0, 0, 0, 35, 33, 0, 0, 0, 10, 45, 0, 0, 0, 33, 21, 0, 0, 0, 0, 0, 0, 8, 3, 60, 2, 1]
[38, 38, 0, 17, 0, 38, -2, 17, 17, 0, 0, 17, 17, 17, 0, -6, 12, 17, 17, 0, 0, 0, 0, 0, 0, 5, 124, 67, 1, 1]
[10, 43, 31, 21, 0, 32, 30, 45, 32, 0, 32, 30, 32, 32, 0, 32, 30, 30, 30, 0, 0, 0, 0, 0, 0, 10, 52, 92, 0, 1]
[19, 0, -2, 0, 0, 19, 19, -2, 0, 0, 19, 19, 19, 0, 0, 19, 19, -2, 0, 0, 0, 0, 0, 0, 0, 7, 188, 134, 2, 1]
[0, 0, 33, 60, 0, 0, 0, 62, 60, 0, 0, 0, 22, 50, 0, 0, 0, 12, 12, 0, 0, 0, 0, 0, 0, 8, 4, 90, 2, 1]
[-6, -6, 7, 7, 0, 0, 7, 7, 7, 0, -6, 9, 7, 7, 0, 9, 9, 9, 7, 0, 0, 0, 0, 0, 0, 5, 109, 81, 1, 1]
[0, 0, 69, 67, 0, 0, 0, 29, 67, 0, 0, 0, 29, 29, 0, 0, 0, 29, -2, 0, 0, 0, 0, 0, 0, 10, 36, 105, 0, 1]
[-2, 0, -2, 0, 0, -2, 0, 16, 0, 0, -2, 16, 16, 0, 0, 16, 16, 16, 0, 0, 0, 0, 0, 0, 0, 7, 218, 119, 2, 1]
[7, 0, -2, -2, 0, 7, 7, 0, 0, 0, 18, 7, 7, -6, 0, 18, 16, -2, -6, 0, 0, 0, 0, 0, 0, 5, 95, 83, 1, 1]
[0, 0, 69, 67, 0, 0, 0, 69, 67, 0, 0, 0, 29, -2, 0, 0, 0, -2, 12, 0, 0, 0, 0, 0, 0, 8, 6, 120, 2, 1]
[69, 67, 57, 19, 0, 29, 10, 29, 19, 0, 10, 29, 19, 19, 0, 0, 0, 0, 0, 0, 0, 0, 0, 0, 0, 10, 7, 137, 0, 1]
[-2, 0, -2, 0, 0, 0, 0, 0, 0, 0, -2, 0, 16, 0, 0, -2, 16, 16, 0, 0, 0, 0, 0, 0, 0, 7, 217, 89, 2, 1]
[-6, -2, 0, 0, 0, -6, -2, 0, 7, 0, 0, 0, 7, 7, 0, 25, 7, 7, 7, 0, 0, 0, 0, 0, 0, 5, 125, 67, 1, 1]
[0, 0, 42, -2, 0, -2, -2, 0, 16, 0, 0, 0, 16, 16, 0, -2, 16, 16, 16, 0, 0, 0, 0, 0, 0, 7, 215, 73, 2, 1]
[0, 41, 50, 38, 0, 0, 41, 39, 22, 0, 0, 41, 17, 41, 0, 0, 17, 41, 24, 0, 0, 0, 0, 0, 0, 8, 8, 121, 2, 1]
[39, 44, 29, 29, 0, 41, 41, 33, 33, 0, 41, 31, 31, 30, 0, 0, 0, 0, 0, 0, 0, 0, 0, 0, 0, 10, 39, 139, 0, 1]
[-6, 7, 7, 7, 0, 7, 7, 7, 7, 0, -6, 7, 7, 7, 0, -6, 24, 16, -2, 0, 0, 0, 0, 0, 0, 5, 109, 82, 1, 1]
[-2, -2, 53, 51, 0, 0, 9, 9, 51, 0, -6, -2, 9, 9, 0, -6, -2, -2, 9, 0, 0, 0, 0, 0, 0, 7, 199, 87, 2, 1]
[0, 0, 29, 39, 0, 0, 0, 29, 17, 0, 0, 0, 17, 41, 0, 0, 0, 0, 0, 0, 0, 0, 0, 0, 0, 8, 23, 135, 2, 1]
[29, 29, 9, -6, 0, 31, 9, 30, 9, 0, 31, 31, 30, -6, 0, 0, 0, 0, 0, 0, 0, 0, 0, 0, 0, 10, 69, 143, 0, 1]
[-6, -2, 0, 0, 0, -6, -2, 7, -2, 0, 0, 7, 7, 7, 0, 7, 7, 16, 7, 0, 0, 0, 0, 0, 0, 5, 110, 67, 1, 1]
[0, 0, 0, 0, 0, -2, -2, -2, 16, 0, 7, 0, 16, 16, 0, -6, 16, 16, 16, 0, 0, 0, 0, 0, 0, 7, 185, 71, 2, 1]
[0, 0, 10, 10, 0, 0, 0, 29, 10, 0, 0, 0, 29, 17, 0, 0, 0, 17, 29, 0, 0, 0, 0, 0, 0, 8, 9, 120, 2, 1]
[25, 7, 7, 7, 0, -6, -6, 7, 16, 0, -6, -6, 30, 16, 0, 10, 29, 28, 28, 0, 0, 0, 0, 0, 0, 10, 129, 96, 0, 1]
[-6, -6, -2, -2, 0, -6, -6, -2, 19, 0, -6, -6, 19, 19, 0, 0, 7, 7, 19, 0, 0, 0, 0, 0, 0, 5, 109, 51, 1, 1]
[-2, -2, -2, -2, 0, 0, 0, 16, 0, 0, -2, 16, 16, 16, 0, 16, 16, 16, 16, 0, 0, 0, 0, 0, 0, 7, 169, 56, 2, 1]
[9, 9, 30, 19, 0, 29, 29, 28, 28, 0, 33, 32, 30, -2, 0, 19, 30, 19, 19, 0, 0, 0, 0, 0, 0, 10, 96, 126, 0, 1]
[0, 24, 24, 10, 0, 0, 43, 10, 10, 0, 0, 29, 27, 22, 0, 0, 29, 17, 41, 0, 0, 0, 0, 0, 0, 8, 8, 106, 2, 1]
[7, 7, 7, 0, 0, 7, 7, 7, 7, 0, 16, 7, 19, 0, 0, 9, 30, 12, 12, 0, 0, 0, 0, 0, 0, 5, 93, 67, 1, 1]
[-4, -4, -2, -2, 0, -2, -2, 9, 41, 0, 0, 9, 9, 9, 0, 9, 9, 9, 9, 0, 0, 0, 0, 0, 0, 7, 168, 41, 2, 1]
[0, 0, 19, 19, 0, 0, 0, 19, 19, 0, 0, 0, 19, 19, 0, 0, 0, -2, 19, 0, 0, 0, 0, 0, 0, 8, 22, 120, 2, 1]
[30, 21, -2, -6, 0, 21, -2, 21, -6, 0, 21, 21, 21, -6, 0, 0, 0, 0, 0, 0, 0, 0, 0, 0, 0, 10, 98, 143, 0, 1]
[-2, -4, -4, 52, 0, -2, -2, 9, 9, 0, 0, 9, 9, 9, 0, 7, -2, 9, 9, 0, 0, 0, 0, 0, 0, 7, 167, 40, 2, 1]
[-6, -2, -2, -2, 0, -6, -2, 16, 9, 0, -6, 16, 16, 16, 0, 16, 16, 16, 16, 0, 0, 0, 0, 0, 0, 5, 109, 52, 1, 1]
[0, 19, 19, 0, 0, 0, 19, 19, 19, 0, 0, 19, 19, -2, 0, 0, 0, 0, 0, 0, 0, 0, 0, 0, 0, 8, 8, 136, 2, 1]
[-2, -6, -6, -2, 0, -2, -6, 9, 21, 0, 0, 9, 30, 30, 0, 9, 34, 34, 32, 0, 0, 0, 0, 0, 0, 10, 129, 110, 0, 1]
[9, 52, 52, 41, 0, 9, 9, 50, 50, 0, 16, 9, 9, 41, 0, 0, 9, 0, 0, 0, 0, 0, 0, 0, 0, 7, 152, 56, 2, 1]
[0, 0, 0, 0, 0, -6, -2, -2, -2, 0, -6, -2, 7, -2, 0, -6, 7, 7, 7, 0, 0, 0, 0, 0, 0, 5, 108, 22, 1, 1]
[-6, -2, 7, -2, 0, 0, 0, 19, 0, 0, -6, 19, 19, 19, 0, -6, 30, 19, 19, 0, 0, 0, 0, 0, 0, 10, 82, 82, 0, 1]
[-2, 40, 0, 0, 0, 17, 17, 17, -2, 0, 17, 17, 17, 17, 0, 0, 0, 0, 0, 0, 0, 0, 0, 0, 0, 8, 24, 137, 2, 1]
[0, 0, 0, 0, 0, 7, 7, 7, -4, 0, 7, 19, 19, 7, 0, 19, 19, 19, 12, 0, 0, 0, 0, 0, 0, 5, 106, 23, 1, 1]
[7, 16, 41, 41, 0, 16, 57, 57, 41, 0, 28, 16, 59, 57, 0, 16, 16, 16, 41, 0, 0, 0, 0, 0, 0, 7, 168, 57, 2, 1]
[0, 0, 0, 19, 0, -6, 9, 19, 19, 0, 9, 9, 30, 19, 0, 28, 28, 28, 28, 0, 0, 0, 0, 0, 0, 10, 110, 96, 0, 1]
[29, 21, 21, 21, 0, 17, 29, 25, 25, 0, 17, 17, 29, 23, 0, 0, 0, 0, 0, 0, 0, 0, 0, 0, 0, 8, 39, 139, 2, 1]
[0, 0, 0, 0, 0, 7, 7, -4, 28, 0, 7, 7, 37, 28, 0, 7, 7, 0, 37, 0, 0, 0, 0, 0, 0, 5, 121, 25, 1, 1]
[7, 7, 36, 36, 0, 0, 7, 7, 43, 0, 12, -2, 16, 16, 0, 0, 0, 0, 16, 0, 0, 0, 0, 0, 0, 7, 183, 55, 2, 1]
[24, 30, 9, -6, 0, 28, 28, 38, 28, 0, 9, 40, 42, 29, 0, 10, 21, 29, 29, 0, 0, 0, 0, 0, 0, 10, 96, 124, 0, 1]
[23, 9, -6, 12, 0, 21, 38, 21, 12, 0, 40, 42, 29, 12, 0, 40, 29, 29, 29, 0, 0, 0, 0, 0, 0, 8, 69, 125, 2, 1]
[0, 0, 0, 0, 0, -2, -2, 7, 7, 0, -2, 7, 7, 46, 0, 0, 0, 44, 44, 0, 0, 0, 0, 0, 0, 5, 151, 24, 1, 1]
[45, 36, 27, -2, 0, 43, 43, 27, 27, 0, 45, 45, 45, 0, 0, 16, 43, 0, 0, 0, 0, 0, 0, 0, 0, 7, 153, 57, 2, 1]
[41, 0, 24, 24, 0, -2, 0, 19, 45, 0, -2, 19, 19, 19, 0, 19, 19, 19, 28, 0, 0, 0, 0, 0, 0, 10, 68, 92, 0, 1]
[34, 9, 0, -2, 0, 40, 40, 9, -2, 0, 44, 30, 19, -2, 0, 30, 19, -2, -2, 0, 0, 0, 0, 0, 0, 10, 83, 127, 2, 1]
[0, 0, 0, 0, 0, 7, 7, -2, -2, 0, 7, 7, 7, 9, 0, 7, 7, 22, 9, 0, 0, 0, 0, 0, 0, 5, 136, 26, 1, 1]
[7, 16, 7, -2, 0, 29, 16, 16, -2, 0, 31, 31, 16, 16, 0, 29, 29, 29, 0, 0, 0, 0, 0, 0, 0, 7, 183, 58, 2, 1]
[19, 19, 19, 19, 0, 19, -2, 19, 19, 0, -2, 19, 19, 30, 0, 0, 0, 0, 0, 0, 0, 0, 0, 0, 0, 10, 36, 137, 0, 1]
[-6, -6, -2, 0, 0, -6, -6, -2, 19, 0, 12, 21, 19, 19, 0, 25, 44, 42, 19, 0, 0, 0, 0, 0, 0, 10, 113, 111, 2, 1]
[0, 0, 0, 0, 0, 0, 0, 0, 0, 0, -2, -4, 7, 7, 0, -2, 7, 7, 7, 0, 0, 0, 0, 0, 0, 5, 166, 10, 1, 1]
[7, 27, 43, 43, 0, 27, 45, 45, 43, 0, 0, 27, 43, 43, 0, -6, -2, 27, 16, 0, 0, 0, 0, 0, 0, 7, 198, 72, 2, 1]
[-6, 19, 19, 19, 0, 31, 31, 19, 28, 0, 12, 31, 42, 30, 0, 12, 23, 42, 23, 0, 0, 0, 0, 0, 0, 10, 97, 126, 2, 1]
[22, 22, 40, 40, 0, 22, 22, 22, 40, 0, 22, 41, 43, 19, 0, 19, 41, 19, 19, 0, 0, 0, 0, 0, 0, 10, 39, 77, 0, 1]
[0, 0, 0, 0, 0, 0, 0, 0, 0, 0, -2, -2, 9, 9, 0, -2, -2, -2, 9, 0, 0, 0, 0, 0, 0, 7, 150, 8, 1, 1]
[39, 39, 39, 57, 0, -2, 39, 59, 59, 0, 0, 18, 57, 18, 0, -6, -6, 18, 18, 0, 0, 0, 0, 0, 0, 7, 184, 71, 2, 1]
[-2, -2, -2, -2, 0, -4, 58, -2, -4, 0, 60, 58, 60, 24, 0, 60, 58, 60, 60, 0, 0, 0, 0, 0, 0, 10, 35, 32, 0, 1]
[30, 30, 30, 9, 0, 21, 32, 32, 32, 0, 21, 21, 32, -2, 0, 0, 0, 0, 0, 0, 0, 0, 0, 0, 0, 10, 98, 142, 2, 1]
[0, 0, 0, 0, 0, 9, 9, 9, 9, 0, 9, 9, 9, -2, 0, 0, 9, 0, 27, 0, 0, 0, 0, 0, 0, 7, 120, 24, 1, 1]
[0, 0, 0, 0, 0, 19, 19, 19, 19, 0, 19, 19, 58, 19, 0, 19, 56, 58, 58, 0, 0, 0, 0, 0, 0, 8, 32, 17, 0, 1]
[9, 9, -2, -2, 0, 9, 9, 36, -2, 0, 9, 34, 44, 25, 0, 36, 46, 46, 46, 0, 0, 0, 0, 0, 0, 7, 169, 41, 2, 1]
[-2, 0, 9, 9, 0, 0, 31, 9, 9, 0, 22, 22, 33, 9, 0, 22, 22, 22, 37, 0, 0, 0, 0, 0, 0, 10, 114, 128, 2, 1]
[0, 0, 0, 0, 0, 10, 10, 10, -6, 0, 44, 10, 10, -6, 0, 44, 46, 10, -6, 0, 0, 0, 0, 0, 0, 8, 31, 18, 0, 1]
[0, 0, 0, 0, 0, 19, 19, 9, 38, 0, 19, 28, 68, 49, 0, 28, 66, 47, 47, 0, 0, 0, 0, 0, 0, 7, 136, 26, 1, 1]
[-2, -4, 9, 28, 0, -2, 9, 28, 66, 0, 0, 19, 64, 64, 0, -2, -2, 19, 66, 0, 0, 0, 0, 0, 0, 7, 167, 40, 2, 1]
[22, 22, 37, 9, 0, 22, 33, 37, 37, 0, 22, 22, 37, 9, 0, 0, 0, 0, 0, 0, 0, 0, 0, 0, 0, 10, 128, 144, 2, 1]
[0, 0, 0, 0, 0, 0, 0, 0, 0, 0, 10, 49, 10, -6, 0, 47, 49, 51, -6, 0, 0, 0, 0, 0, 0, 8, 46, 3, 0, 1]
[0, 0, 0, 0, 0, 28, 19, 19, -2, 0, 28, 28, 19, 19, 0, 28, 28, 55, 0, 0, 0, 0, 0, 0, 0, 7, 166, 27, 1, 1]
[-2, -2, 19, 28, 0, 0, 19, 19, 19, 0, 0, -2, 19, 19, 0, 0, 0, 0, 44, 0, 0, 0, 0, 0, 0, 7, 152, 54, 2, 1]
[-2, 0, -2, -6, 0, 0, 0, -2, 22, 0, -2, -2, 22, 37, 0, -2, 22, 22, 22, 0, 0, 0, 0, 0, 0, 10, 144, 128, 2, 1]
[0, 0, 0, 0, 0, 49, 10, 10, 10, 0, 51, 47, 10, 10, 0, 49, 47, 49, 10, 0, 0, 0, 0, 0, 0, 8, 45, 17, 0, 1]
[0, 0, 0, 0, 0, 0, 0, 0, 0, 0, -4, -4, 19, 19, 0, 9, 19, 19, 19, 0, 0, 0, 0, 0, 0, 7, 181, 11, 1, 1]
[-2, -2, 9, 9, 0, -2, -2, 18, 9, 0, 0, 18, 18, 43, 0, 18, 18, 45, 45, 0, 0, 0, 0, 0, 0, 7, 138, 39, 2, 1]
[0, 21, -6, 25, 0, 21, 21, 21, 23, 0, 21, 21, 21, 21, 0, 21, 21, 21, -6, 0, 0, 0, 0, 0, 0, 10, 128, 129, 2, 1]
[0, 0, 0, 0, 0, 0, 0, 0, 0, 0, -2, 18, 9, 9, 0, 9, 9, 18, 9, 0, 0, 0, 0, 0, 0, 7, 165, 10, 1, 1]
[0, 58, 56, 19, 0, 0, 37, 56, 37, 0, 0, 37, 56, 24, 0, 0, 37, 24, 24, 0, 0, 0, 0, 0, 0, 8, 31, 76, 0, 1]
[9, 18, 9, 9, 0, 18, 18, 18, 9, 0, 18, 18, 18, 18, 0, 18, 18, 18, -2, 0, 0, 0, 0, 0, 0, 7, 137, 40, 2, 1]
[-2, 0, 25, 52, 0, 0, 0, 21, 52, 0, -2, 21, 21, 36, 0, -2, -2, 21, 21, 0, 0, 0, 0, 0, 0, 10, 143, 128, 2, 1]
[0, 0, 0, 0, 0, 0, 0, 0, 0, 0, -2, 11, 11, 20, 0, -2, -2, 20, 20, 0, 0, 0, 0, 0, 0, 9, 150, 9, 1, 1]
[0, 0, 0, 0, 0, 11, 11, 20, 11, 0, 11, 20, 20, 20, 0, 20, 20, 20, 20, 0, 0, 0, 0, 0, 0, 7, 152, 25, 2, 1]
[0, 0, 0, 0, 0, 37, 21, -2, -2, 0, 62, 58, 21, -4, 0, 60, 58, 60, 21, 0, 0, 0, 0, 0, 0, 8, 20, 17, 0, 1]
[25, 0, 23, 23, 0, -4, 23, 23, 36, 0, -2, -2, 23, 23, 0, 0, 0, 0, 0, 0, 0, 0, 0, 0, 0, 10, 128, 142, 2, 1]
[0, 0, 0, 0, 0, 0, 0, 0, 0, 0, -2, 11, 11, 20, 0, -2, -2, 20, 20, 0, 0, 0, 0, 0, 0, 9, 135, 8, 1, 1]
[0, 0, 0, 0, 0, 0, 0, 0, 0, 0, 20, 58, 20, -6, 0, 56, 58, 60, -6, 0, 0, 0, 0, 0, 0, 7, 31, 3, 0, 1]
[29, 29, 18, 18, 0, 11, 18, 18, 18, 0, -2, -2, 18, -2, 0, 0, 0, 0, 0, 0, 0, 0, 0, 0, 0, 7, 151, 55, 2, 1]
[25, -2, 0, -2, 0, 0, 0, 21, -2, 0, -4, 21, 21, 21, 0, 21, 21, 21, 25, 0, 0, 0, 0, 0, 0, 10, 114, 127, 2, 1]
[0, 0, 0, 0, 0, 0, 9, 9, 47, 0, 0, 9, 45, 47, 0, 0, 9, 9, 47, 0, 0, 0, 0, 0, 0, 7, 45, 16, 0, 1]
[0, 0, 0, 0, 0, 0, 0, 0, 0, 0, 11, 11, 11, -2, 0, 11, 11, 9, -2, 0, 0, 0, 0, 0, 0, 9, 120, 10, 1, 1]
[-2, 11, 11, 11, 0, -2, -2, 11, 20, 0, 0, 0, 20, 20, 0, 0, 20, 20, 20, 0, 0, 0, 0, 0, 0, 7, 153, 39, 2, 1]
[-6, -2, 0, -2, 0, -6, -2, 23, -2, 0, 0, 23, 23, 23, 0, 23, 23, 23, 23, 0, 0, 0, 0, 0, 0, 10, 113, 112, 2, 1]
[0, 0, 0, 0, 0, -2, 12, 21, 12, 0, -2, 9, 21, 21, 0, 9, 9, 9, 21, 0, 0, 0, 0, 0, 0, 10, 150, 24, 1, 1]
[0, 0, 9, 46, 0, 0, 0, 9, 9, 0, 0, 0, 9, 9, 0, 0, 0, 0, 36, 0, 0, 0, 0, 0, 0, 7, 16, 45, 0, 1]
[21, 12, -2, -2, 0, 21, 21, 12, -2, 0, 21, 21, 21, 0, 0, 21, 21, -2, -2, 0, 0, 0, 0, 0, 0, 7, 137, 41, 2, 1]
[0, 0, 0, 0, 0, -6, -2, 24, -2, 0, -6, 24, 24, 24, 0, 24, 24, 24, 24, 0, 0, 0, 0, 0, 0, 10, 112, 97, 2, 1]
[0, 0, 0, 0, 0, 0, 0, 0, 0, 0, 12, 12, 12, 9, 0, 12, 12, 21, 21, 0, 0, 0, 0, 0, 0, 10, 136, 10, 1, 1]
[21, 21, 21, 21, 0, -2, 21, 21, 21, 0, 0, 0, 21, 11, 0, -6, -6, 11, 11, 0, 0, 0, 0, 0, 0, 7, 167, 71, 2, 1]
[0, 27, 48, 0, 0, 0, 50, 48, 50, 0, 0, 50, 48, 21, 0, 0, 27, 21, 0, 0, 0, 0, 0, 0, 0, 7, 3, 91, 0, 1]
[0, 24, 0, 9, 0, 24, 24, 24, -6, 0, 24, 24, 24, 24, 0, 24, 24, 24, -6, 0, 0, 0, 0, 0, 0, 10, 111, 98, 2, 1]
