[0, 0, 0, 0, 0, 0, 0, 0, 0, 0, 0, 12, 24, 24, 0, 0, 24, 48, 48, 0, 0, 0, 0, 0, 0, 10, 17, 33, 1, 0]
[0, 0, 0, 0, 0, 0, 0, 12, 24, 0, 0, 0, 24, 48, 0, 0, 0, 48, 60, 0, 0, 0, 0, 0, 0, 10, 17, 33, 1, 0]
[0, 0, 0, 0, 0, 0, 12, 24, 24, 0, 0, 24, 48, 48, 0, 0, 48, 60, 72, 0, 0, 0, 0, 0, 0, 10, 17, 33, 1, 0]
[0, 0, 0, 0, 0, 12, 24, 24, -2, 0, 24, 48, 48, 36, 0, 48, 60, 72, 60, 0, 0, 0, 0, 0, 0, 10, 17, 33, 1, 0]
[0, 0, 12, 24, 0, 0, 0, 24, 48, 0, 0, 0, 48, 60, 0, 0, 0, 48, 72, 0, 0, 0, 0, 0, 0, 10, 17, 33, 1, 0]
[-4, -2, -2, -2, 0, -2, -2, -2, -2, 0, 0, 0, 45, 45, 0, -2, 87, 73, 59, 0, 0, 0, 0, 0, 0, 10, 17, 33, 1, 0]
[-2, -2, -2, -2, 0, -2, -2, -2, -2, 0, 0, 45, 45, 45, 0, 87, 73, 59, 45, 0, 0, 0, 0, 0, 0, 10, 17, 33, 1, 0]
[-2, -2, -2, 0, 0, -2, -2, -2, 0, 0, 45, 45, 45, 0, 0, 73, 59, 45, 0, 0, 0, 0, 0, 0, 0, 10, 17, 33, 1, 0]
[-2, -2, -2, -2, 0, 0, 0, 0, 45, 0, -2, -2, 87, 73, 0, 0, 87, 87, 87, 0, 0, 0, 0, 0, 0, 10, 17, 33, 1, 0]
[-2, -2, -2, -2, 0, 0, 0, 45, 45, 0, -2, 87, 73, 59, 0, 87, 87, 87, 73, 0, 0, 0, 0, 0, 0, 10, 17, 33, 1, 0]
[-2, -2, -2, -2, 0, 0, 45, 45, 45, 0, 87, 73, 59, 45, 0, 87, 87, 73, 59, 0, 0, 0, 0, 0, 0, 10, 17, 33, 1, 0]
[-2, -2, -2, 0, 0, 45, 45, 45, 0, 0, 73, 59, 45, 0, 0, 87, 73, 59, 0, 0, 0, 0, 0, 0, 0, 10, 17, 33, 1, 0]
[0, 48, 60, 72, 0, 0, 48, 72, 72, 0, 0, 12, 48, 48, 0, 0, 12, 24, 24, 0, 0, 0, 0, 0, 0, 10, 17, 33, 1, 0]
[0, 0, 0, 0, 0, -2, -2, -2, 87, 0, 0, 0, 87, 87, 0, -2, 87, 87, 87, 0, 0, 0, 0, 0, 0, 10, 17, 33, 1, 0]
[0, 0, 0, 45, 0, -2, -2, 87, 73, 0, 0, 87, 87, 87, 0, 87, 87, 87, 87, 0, 0, 0, 0, 0, 0, 10, 17, 33, 1, 0]
[0, 0, 45, 45, 0, -2, 87, 73, 59, 0, 87, 87, 87, 73, 0, 87, 87, 87, 87, 0, 0, 0, 0, 0, 0, 10, 17, 33, 1, 0]
[0, 45, 45, 45, 0, 87, 73, 59, 45, 0, 87, 87, 73, 59, 0, 87, 87, 87, 73, 0, 0, 0, 0, 0, 0, 10, 17, 33, 1, 0]
[45, 45, 45, 0, 0, 73, 59, 45, 0, 0, 87, 73, 59, 0, 0, 87, 87, 73, 0, 0, 0, 0, 0, 0, 0, 10, 17, 33, 1, 0]
[0, -2, -2, -2, 0, 0, 0, 0, 87, 0, 0, -2, 87, 87, 0, 0, -2, 30, 87, 0, 0, 0, 0, 0, 0, 10, 17, 33, 1, 0]
[-2, -2, -2, 87, 0, 0, 0, 87, 87, 0, -2, 87, 87, 87, 0, -2, 30, 87, 87, 0, 0, 0, 0, 0, 0, 10, 17, 33, 1, 0]
[0, 0, 0, 87, 0, 0, -2, 87, 87, 0, 0, -2, 30, 87, 0, 0, -2, -6, 30, 0, 0, 0, 0, 0, 0, 10, 17, 33, 1, 0]
[0, 0, 87, 87, 0, -2, 87, 87, 87, 0, -2, 30, 87, 87, 0, -2, -6, 30, 87, 0, 0, 0, 0, 0, 0, 10, 17, 33, 1, 0]
[87, 87, 73, 59, 0, 87, 87, 87, 73, 0, 87, 87, 73, 59, 0, 87, 73, 59, 45, 0, 0, 0, 0, 0, 0, 10, 17, 33, 1, 0]
[87, 73, 59, 0, 0, 87, 87, 73, 0, 0, 87, 73, 59, 0, 0, 73, 59, 45, 0, 0, 0, 0, 0, 0, 0, 10, 17, 33, 1, 0]
[-2, 87, 87, 87, 0, -2, 30, 87, 87, 0, -2, -6, 30, 87, 0, -2, -6, -6, 30, 0, 0, 0, 0, 0, 0, 10, 17, 33, 1, 0]
[87, 87, 87, 87, 0, 30, 87, 87, 87, 0, -6, 30, 87, 73, 0, -6, -6, 30, 45, 0, 0, 0, 0, 0, 0, 10, 17, 33, 1, 0]
[87, 87, 87, 87, 0, 87, 87, 87, 73, 0, 30, 87, 73, 59, 0, -6, 30, 45, 45, 0, 0, 0, 0, 0, 0, 10, 17, 33, 1, 0]
[87, 87, 87, 73, 0, 87, 87, 73, 59, 0, 87, 73, 59, 45, 0, 30, 45, 45, 45, 0, 0, 0, 0, 0, 0, 10, 17, 33, 1, 0]
[87, 87, 73, 0, 0, 87, 73, 59, 0, 0, 73, 59, 45, 0, 0, 45, 45, 45, 0, 0, 0, 0, 0, 0, 0, 10, 17, 33, 1, 0]
[30, 87, 87, 87, 0, -6, 30, 87, 73, 0, -6, -6, 30, 45, 0, -6, -6, -2, -2, 0, 0, 0, 0, 0, 0, 10, 17, 33, 1, 0]
[87, 87, 87, 73, 0, 30, 87, 73, 59, 0, -6, 30, 45, 45, 0, -6, -2, -2, 45, 0, 0, 0, 0, 0, 0, 10, 17, 33, 1, 0]
[87, 87, 73, 59, 0, 87, 73, 59, 45, 0, 30, 45, 45, 45, 0, -2, -2, 45, 45, 0, 0, 0, 0, 0, 0, 10, 17, 33, 1, 0]
[87, 73, 59, 0, 0, 73, 59, 45, 0, 0, 45, 45, 45, 0, 0, -2, 45, 45, 0, 0, 0, 0, 0, 0, 0, 10, 17, 33, 1, 0]
[87, 73, 59, 45, 0, 30, 45, 45, 45, 0, -2, -2, 45, 45, 0, 0, 0, 0, 0, 0, 0, 0, 0, 0, 0, 10, 17, 33, 1, 0]
[73, 59, 45, 0, 0, 45, 45, 45, 0, 0, -2, 45, 45, 0, 0, 0, 0, 0, 0, 0, 0, 0, 0, 0, 0, 10, 17, 33, 1, 0]
[0, 0, 0, 0, 0, 0, 0, 0, 0, 0, 12, 12, 24, 12, 0, 12, 36, 48, 48, 0, 0, 0, 0, 0, 0, 10, 32, 31, 2, 0]
[0, 0, 0, 0, 0, 0, 12, 12, 24, 0, 0, 12, 36, 48, 0, 0, 36, 60, 72, 0, 0, 0, 0, 0, 0, 10, 32, 31, 2, 0]
[0, 0, 0, 0, 0, 12, 12, 24, 12, 0, 12, 36, 48, 48, 0, 36, 60, 72, 60, 0, 0, 0, 0, 0, 0, 10, 32, 31, 2, 0]
[0, 0, 0, 0, 0, 12, 24, 12, -6, 0, 36, 48, 48, 12, 0, 60, 72, 60, 36, 0, 0, 0, 0, 0, 0, 10, 32, 31, 2, 0]
[0, 0, 12, 12, 0, 0, 0, 12, 36, 0, 0, 0, 36, 60, 0, 0, 0, 36, 60, 0, 0, 0, 0, 0, 0, 10, 32, 31, 2, 0]
[24, 12, -6, -6, 0, 48, 48, 12, -6, 0, 72, 60, 36, 12, 0, 72, 72, 36, 12, 0, 0, 0, 0, 0, 0, 10, 32, 31, 2, 0]
[-4, -2, -2, -2, 0, -2, -2, -2, -2, 0, 0, 0, 43, 43, 0, -2, 85, 71, 57, 0, 0, 0, 0, 0, 0, 10, 32, 31, 2, 0]
[-2, -2, -2, -2, 0, -2, -2, -2, -2, 0, 0, 43, 43, 43, 0, 85, 71, 57, 43, 0, 0, 0, 0, 0, 0, 10, 32, 31, 2, 0]
[-2, -2, -2, 0, 0, -2, -2, -2, 0, 0, 43, 43, 43, 0, 0, 71, 57, 43, 0, 0, 0, 0, 0, 0, 0, 10, 32, 31, 2, 0]
[-2, -2, -2, -2, 0, 0, 0, 0, 43, 0, -2, -2, 85, 71, 0, 0, 85, 85, 85, 0, 0, 0, 0, 0, 0, 10, 32, 31, 2, 0]
[-2, -2, -2, -2, 0, 0, 0, 43, 43, 0, -2, 85, 71, 57, 0, 85, 85, 85, 71, 0, 0, 0, 0, 0, 0, 10, 32, 31, 2, 0]
[-2, -2, -2, -2, 0, 0, 43, 43, 43, 0, 85, 71, 57, 43, 0, 85, 85, 71, 57, 0, 0, 0, 0, 0, 0, 10, 32, 31, 2, 0]
[-2, -2, -2, 0, 0, 43, 43, 43, 0, 0, 71, 57, 43, 0, 0, 85, 71, 57, 0, 0, 0, 0, 0, 0, 0, 10, 32, 31, 2, 0]
[36, 60, 72, 60, 0, 36, 60, 72, 72, 0, 12, 36, 48, 36, 0, 12, 24, 24, 24, 0, 0, 0, 0, 0, 0, 10, 32, 31, 2, 0]
[0, 0, 0, 0, 0, -2, -2, -2, 85, 0, 0, 0, 85, 85, 0, -2, 85, 85, 85, 0, 0, 0, 0, 0, 0, 10, 32, 31, 2, 0]
[0, 0, 0, 43, 0, -2, -2, 85, 71, 0, 0, 85, 85, 85, 0, 85, 85, 85, 85, 0, 0, 0, 0, 0, 0, 10, 32, 31, 2, 0]
[0, 0, 43, 43, 0, -2, 85, 71, 57, 0, 85, 85, 85, 71, 0, 85, 85, 85, 85, 0, 0, 0, 0, 0, 0, 10, 32, 31, 2, 0]
[0, 43, 43, 43, 0, 85, 71, 57, 43, 0, 85, 85, 71, 57, 0, 85, 85, 85, 71, 0, 0, 0, 0, 0, 0, 10, 32, 31, 2, 0]
[43, 43, 43, 0, 0, 71, 57, 43, 0, 0, 85, 71, 57, 0, 0, 85, 85, 71, 0, 0, 0, 0, 0, 0, 0, 10, 32, 31, 2, 0]
[0, -2, -2, -2, 0, 0, 0, 0, 85, 0, 0, -2, 85, 85, 0, 0, -2, 28, 85, 0, 0, 0, 0, 0, 0, 10, 32, 31, 2, 0]
[-2, -2, -2, 85, 0, 0, 0, 85, 85, 0, -2, 85, 85, 85, 0, -2, 28, 85, 85, 0, 0, 0, 0, 0, 0, 10, 32, 31, 2, 0]
[0, 0, 0, 85, 0, 0, -2, 85, 85, 0, 0, -2, 28, 85, 0, 0, -2, -6, 28, 0, 0, 0, 0, 0, 0, 10, 32, 31, 2, 0]
[0, 0, 85, 85, 0, -2, 85, 85, 85, 0, -2, 28, 85, 85, 0, -2, -6, 28, 85, 0, 0, 0, 0, 0, 0, 10, 32, 31, 2, 0]
[85, 85, 71, 57, 0, 85, 85, 85, 71, 0, 85, 85, 71, 57, 0, 85, 71, 57, 43, 0, 0, 0, 0, 0, 0, 10, 32, 31, 2, 0]
[85, 71, 57, 0, 0, 85, 85, 71, 0, 0, 85, 71, 57, 0, 0, 71, 57, 43, 0, 0, 0, 0, 0, 0, 0, 10, 32, 31, 2, 0]
[-2, 85, 85, 85, 0, -2, 28, 85, 85, 0, -2, -6, 28, 85, 0, -2, -6, -6, 28, 0, 0, 0, 0, 0, 0, 10, 32, 31, 2, 0]
[85, 85, 85, 85, 0, 28, 85, 85, 85, 0, -6, 28, 85, 71, 0, -6, -6, 28, 43, 0, 0, 0, 0, 0, 0, 10, 32, 31, 2, 0]
[85, 85, 85, 85, 0, 85, 85, 85, 71, 0, 28, 85, 71, 57, 0, -6, 28, 43, 43, 0, 0, 0, 0, 0, 0, 10, 32, 31, 2, 0]
[85, 85, 85, 71, 0, 85, 85, 71, 57, 0, 85, 71, 57, 43, 0, 28, 43, 43, 43, 0, 0, 0, 0, 0, 0, 10, 32, 31, 2, 0]
[85, 85, 71, 0, 0, 85, 71, 57, 0, 0, 71, 57, 43, 0, 0, 43, 43, 43, 0, 0, 0, 0, 0, 0, 0, 10, 32, 31, 2, 0]
[28, 85, 85, 85, 0, -6, 28, 85, 71, 0, -6, -6, 28, 43, 0, -6, -6, -2, -2, 0, 0, 0, 0, 0, 0, 10, 32, 31, 2, 0]
[85, 85, 85, 71, 0, 28, 85, 71, 57, 0, -6, 28, 43, 43, 0, -6, -2, -2, 43, 0, 0, 0, 0, 0, 0, 10, 32, 31, 2, 0]
[85, 85, 71, 57, 0, 85, 71, 57, 43, 0, 28, 43, 43, 43, 0, -2, -2, 43, 43, 0, 0, 0, 0, 0, 0, 10, 32, 31, 2, 0]
[85, 71, 57, 0, 0, 71, 57, 43, 0, 0, 43, 43, 43, 0, 0, -2, 43, 43, 0, 0, 0, 0, 0, 0, 0, 10, 32, 31, 2, 0]
[85, 71, 57, 43, 0, 28, 43, 43, 43, 0, -2, -2, 43, 43, 0, 0, 0, 0, 0, 0, 0, 0, 0, 0, 0, 10, 32, 31, 2, 0]
[71, 57, 43, 0, 0, 43, 43, 43, 0, 0, -2, 43, 43, 0, 0, 0, 0, 0, 0, 0, 0, 0, 0, 0, 0, 10, 32, 31, 2, 0]
[0, 0, 0, 0, 0, 0, 0, 0, 0, 0, 0, 0, 24, 24, 0, 0, 0, 24, 36, 0, 0, 0, 0, 0, 0, 10, 3, 18, 0, 0]
[0, 0, 0, 0, 0, 0, 0, 0, 0, 0, 0, 24, 24, 24, 0, 0, 24, 36, 48, 0, 0, 0, 0, 0, 0, 10, 3, 18, 0, 0]
[0, 0, 0, 0, 0, 0, 0, 0, 0, 0, 24, 24, 24, 12, 0, 24, 36, 48, 48, 0, 0, 0, 0, 0, 0, 10, 3, 18, 0, 0]
[0, 0, 0, 0, 0, 0, 0, 24, 24, 0, 0, 0, 24, 36, 0, 0, 0, 36, 60, 0, 0, 0, 0, 0, 0, 10, 3, 18, 0, 0]
[0, 0, 0, 0, 0, 0, 24, 24, 24, 0, 0, 24, 36, 48, 0, 0, 36, 60, 72, 0, 0, 0, 0, 0, 0, 10, 3, 18, 0, 0]
[0, 0, 0, 0, 0, 24, 24, 24, 12, 0, 24, 36, 48, 48, 0, 36, 60, 72, 60, 0, 0, 0, 0, 0, 0, 10, 3, 18, 0, 0]
[0, 0, 24, 24, 0, 0, 0, 24, 36, 0, 0, 0, 36, 60, 0, 0, 0, 48, 60, 0, 0, 0, 0, 0, 0, 10, 3, 18, 0, 0]
[24, 24, 24, 12, 0, 24, 36, 48, 48, 0, 36, 60, 72, 60, 0, 48, 60, 72, 72, 0, 0, 0, 0, 0, 0, 10, 3, 18, 0, 0]
[-4, -2, -2, -2, 0, -2, -2, -2, -2, 0, 0, 0, 45, 45, 0, -2, 84, 71, 58, 0, 0, 0, 0, 0, 0, 10, 3, 18, 0, 0]
[-2, -2, -2, -2, 0, -2, -2, -2, -2, 0, 0, 45, 45, 45, 0, 84, 71, 58, 45, 0, 0, 0, 0, 0, 0, 10, 3, 18, 0, 0]
[-2, -2, -2, 0, 0, -2, -2, -2, 0, 0, 45, 45, 45, 0, 0, 71, 58, 45, 0, 0, 0, 0, 0, 0, 0, 10, 3, 18, 0, 0]
[-2, -2, -2, -2, 0, 0, 0, 0, 45, 0, -2, -2, 84, 71, 0, 0, 84, 84, 84, 0, 0, 0, 0, 0, 0, 10, 3, 18, 0, 0]
[-2, -2, -2, -2, 0, 0, 0, 45, 45, 0, -2, 84, 71, 58, 0, 84, 84, 84, 71, 0, 0, 0, 0, 0, 0, 10, 3, 18, 0, 0]
[-2, -2, -2, -2, 0, 0, 45, 45, 45, 0, 84, 71, 58, 45, 0, 84, 84, 71, 58, 0, 0, 0, 0, 0, 0, 10, 3, 18, 0, 0]
[-2, -2, -2, 0, 0, 45, 45, 45, 0, 0, 71, 58, 45, 0, 0, 84, 71, 58, 0, 0, 0, 0, 0, 0, 0, 10, 3, 18, 0, 0]
[0, 36, 60, 72, 0, 0, 48, 60, 72, 0, 0, 12, 48, 36, 0, 0, 24, 36, 36, 0, 0, 0, 0, 0, 0, 10, 3, 18, 0, 0]
[0, 0, 0, 0, 0, -2, -2, -2, 84, 0, 0, 0, 84, 84, 0, -2, 84, 84, 84, 0, 0, 0, 0, 0, 0, 10, 3, 18, 0, 0]
[0, 0, 0, 45, 0, -2, -2, 84, 71, 0, 0, 84, 84, 84, 0, 84, 84, 84, 84, 0, 0, 0, 0, 0, 0, 10, 3, 18, 0, 0]
[0, 0, 45, 45, 0, -2, 84, 71, 58, 0, 84, 84, 84, 71, 0, 84, 84, 84, 84, 0, 0, 0, 0, 0, 0, 10, 3, 18, 0, 0]
[0, 45, 45, 45, 0, 84, 71, 58, 45, 0, 84, 84, 71, 58, 0, 84, 84, 84, 71, 0, 0, 0, 0, 0, 0, 10, 3, 18, 0, 0]
[45, 45, 45, 0, 0, 71, 58, 45, 0, 0, 84, 71, 58, 0, 0, 84, 84, 71, 0, 0, 0, 0, 0, 0, 0, 10, 3, 18, 0, 0]
[0, 0, 48, 60, 0, 0, 0, 12, 48, 0, 0, 0, 24, 36, 0, 0, 0, 24, 24, 0, 0, 0, 0, 0, 0, 10, 3, 18, 0, 0]
[0, 48, 60, 72, 0, 0, 12, 48, 36, 0, 0, 24, 36, 36, 0, 0, 24, 24, 24, 0, 0, 0, 0, 0, 0, 10, 3, 18, 0, 0]
[48, 60, 72, 72, 0, 12, 48, 36, 36, 0, 24, 36, 36, 36, 0, 24, 24, 24, -2, 0, 0, 0, 0, 0, 0, 10, 3, 18, 0, 0]
[60, 72, 72, 36, 0, 48, 36, 36, 12, 0, 36, 36, 36, -6, 0, 24, 24, -2, -6, 0, 0, 0, 0, 0, 0, 10, 3, 18, 0, 0]
[0, -2, -2, -2, 0, 0, 0, 0, 84, 0, 0, -2, 84, 84, 0, 0, -2, 30, 84, 0, 0, 0, 0, 0, 0, 10, 3, 18, 0, 0]
[-2, -2, -2, 84, 0, 0, 0, 84, 84, 0, -2, 84, 84, 84, 0, -2, 30, 84, 84, 0, 0, 0, 0, 0, 0, 10, 3, 18, 0, 0]
[0, 0, 12, 48, 0, 0, 0, 24, 36, 0, 0, 0, 24, 24, 0, 0, 0, -2, 24, 0, 0, 0, 0, 0, 0, 10, 3, 18, 0, 0]
[0, 12, 48, 36, 0, 0, 24, 36, 36, 0, 0, 24, 24, 24, 0, 0, -2, 24, 0, 0, 0, 0, 0, 0, 0, 10, 3, 18, 0, 0]
[12, 48, 36, 36, 0, 24, 36, 36, 36, 0, 24, 24, 24, -2, 0, -2, 24, 0, 0, 0, 0, 0, 0, 0, 0, 10, 3, 18, 0, 0]
[0, 0, 0, 84, 0, 0, -2, 84, 84, 0, 0, -2, 30, 84, 0, 0, -2, -6, 30, 0, 0, 0, 0, 0, 0, 10, 3, 18, 0, 0]
[0, 0, 84, 84, 0, -2, 84, 84, 84, 0, -2, 30, 84, 84, 0, -2, -6, 30, 84, 0, 0, 0, 0, 0, 0, 10, 3, 18, 0, 0]
[84, 84, 71, 58, 0, 84, 84, 84, 71, 0, 84, 84, 71, 58, 0, 84, 71, 58, 45, 0, 0, 0, 0, 0, 0, 10, 3, 18, 0, 0]
[84, 71, 58, 0, 0, 84, 84, 71, 0, 0, 84, 71, 58, 0, 0, 71, 58, 45, 0, 0, 0, 0, 0, 0, 0, 10, 3, 18, 0, 0]
[0, 24, 36, 36, 0, 0, 24, 24, 24, 0, 0, -2, 24, 0, 0, 0, -2, -2, -2, 0, 0, 0, 0, 0, 0, 10, 3, 18, 0, 0]
[-2, 84, 84, 84, 0, -2, 30, 84, 84, 0, -2, -6, 30, 84, 0, -2, -6, -6, 30, 0, 0, 0, 0, 0, 0, 10, 3, 18, 0, 0]
[84, 84, 84, 84, 0, 30, 84, 84, 84, 0, -6, 30, 84, 71, 0, -6, -6, 30, 45, 0, 0, 0, 0, 0, 0, 10, 3, 18, 0, 0]
[84, 84, 84, 84, 0, 84, 84, 84, 71, 0, 30, 84, 71, 58, 0, -6, 30, 45, 45, 0, 0, 0, 0, 0, 0, 10, 3, 18, 0, 0]
[84, 84, 84, 71, 0, 84, 84, 71, 58, 0, 84, 71, 58, 45, 0, 30, 45, 45, 45, 0, 0, 0, 0, 0, 0, 10, 3, 18, 0, 0]
[84, 84, 71, 0, 0, 84, 71, 58, 0, 0, 71, 58, 45, 0, 0, 45, 45, 45, 0, 0, 0, 0, 0, 0, 0, 10, 3, 18, 0, 0]
[30, 84, 84, 84, 0, -6, 30, 84, 71, 0, -6, -6, 30, 45, 0, -6, -6, -2, -2, 0, 0, 0, 0, 0, 0, 10, 3, 18, 0, 0]
[84, 84, 84, 71, 0, 30, 84, 71, 58, 0, -6, 30, 45, 45, 0, -6, -2, -2, 45, 0, 0, 0, 0, 0, 0, 10, 3, 18, 0, 0]
[84, 84, 71, 58, 0, 84, 71, 58, 45, 0, 30, 45, 45, 45, 0, -2, -2, 45, 45, 0, 0, 0, 0, 0, 0, 10, 3, 18, 0, 0]
[84, 71, 58, 0, 0, 71, 58, 45, 0, 0, 45, 45, 45, 0, 0, -2, 45, 45, 0, 0, 0, 0, 0, 0, 0, 10, 3, 18, 0, 0]
[84, 71, 58, 45, 0, 30, 45, 45, 45, 0, -2, -2, 45, 45, 0, 0, 0, 0, 0, 0, 0, 0, 0, 0, 0, 10, 3, 18, 0, 0]
[71, 58, 45, 0, 0, 45, 45, 45, 0, 0, -2, 45, 45, 0, 0, 0, 0, 0, 0, 0, 0, 0, 0, 0, 0, 10, 3, 18, 0, 0]
[0, 0, 0, 0, 0, 0, 12, 24, 12, 0, 0, 24, 36, 48, 0, 0, 36, 60, 72, 0, 0, 0, 0, 0, 0, 10, 18, 60, 1, 0]
[0, 0, 12, 24, 0, 0, 0, 24, 36, 0, 0, 0, 36, 60, 0, 0, 0, 48, 60, 0, 0, 0, 0, 0, 0, 10, 18, 60, 1, 0]
[12, 24, 12, 24, 0, 24, 36, 48, 36, 0, 36, 60, 72, 60, 0, 48, 60, 72, 60, 0, 0, 0, 0, 0, 0, 10, 18, 60, 1, 0]
[-4, -2, -2, -2, 0, -2, -2, -2, -2, 0, 0, 0, 45, 45, 0, -2, 87, 73, 59, 0, 0, 0, 0, 0, 0, 10, 18, 60, 1, 0]
[-2, -2, -2, -2, 0, -2, -2, -2, -2, 0, 0, 45, 45, 45, 0, 87, 73, 59, 45, 0, 0, 0, 0, 0, 0, 10, 18, 60, 1, 0]
[-2, -2, -2, 0, 0, -2, -2, -2, 0, 0, 45, 45, 45, 0, 0, 73, 59, 45, 0, 0, 0, 0, 0, 0, 0, 10, 18, 60, 1, 0]
[0, 0, 24, 36, 0, 0, 0, 36, 60, 0, 0, 0, 48, 60, 0, 0, 0, 24, 48, 0, 0, 0, 0, 0, 0, 10, 18, 60, 1, 0]
[-2, -2, -2, -2, 0, 0, 0, 0, 45, 0, -2, -2, 87, 73, 0, 0, 87, 87, 87, 0, 0, 0, 0, 0, 0, 10, 18, 60, 1, 0]
[-2, -2, -2, -2, 0, 0, 0, 45, 45, 0, -2, 87, 73, 59, 0, 87, 87, 87, 73, 0, 0, 0, 0, 0, 0, 10, 18, 60, 1, 0]
[-2, -2, -2, -2, 0, 0, 45, 45, 45, 0, 87, 73, 59, 45, 0, 87, 87, 73, 59, 0, 0, 0, 0, 0, 0, 10, 18, 60, 1, 0]
[-2, -2, -2, 0, 0, 45, 45, 45, 0, 0, 73, 59, 45, 0, 0, 87, 73, 59, 0, 0, 0, 0, 0, 0, 0, 10, 18, 60, 1, 0]
[0, 36, 60, 72, 0, 0, 48, 60, 72, 0, 0, 24, 48, 48, 0, 0, -2, 24, 12, 0, 0, 0, 0, 0, 0, 10, 18, 60, 1, 0]
[36, 60, 72, 60, 0, 48, 60, 72, 60, 0, 24, 48, 48, 36, 0, -2, 24, 12, 12, 0, 0, 0, 0, 0, 0, 10, 18, 60, 1, 0]
[0, 0, 0, 0, 0, -2, -2, -2, 87, 0, 0, 0, 87, 87, 0, -2, 87, 87, 87, 0, 0, 0, 0, 0, 0, 10, 18, 60, 1, 0]
[0, 0, 0, 45, 0, -2, -2, 87, 73, 0, 0, 87, 87, 87, 0, 87, 87, 87, 87, 0, 0, 0, 0, 0, 0, 10, 18, 60, 1, 0]
[0, 0, 45, 45, 0, -2, 87, 73, 59, 0, 87, 87, 87, 73, 0, 87, 87, 87, 87, 0, 0, 0, 0, 0, 0, 10, 18, 60, 1, 0]
[0, 45, 45, 45, 0, 87, 73, 59, 45, 0, 87, 87, 73, 59, 0, 87, 87, 87, 73, 0, 0, 0, 0, 0, 0, 10, 18, 60, 1, 0]
[45, 45, 45, 0, 0, 73, 59, 45, 0, 0, 87, 73, 59, 0, 0, 87, 87, 73, 0, 0, 0, 0, 0, 0, 0, 10, 18, 60, 1, 0]
[0, 48, 60, 72, 0, 0, 24, 48, 48, 0, 0, -2, 24, 12, 0, 0, -2, 0, -2, 0, 0, 0, 0, 0, 0, 10, 18, 60, 1, 0]
[0, -2, -2, -2, 0, 0, 0, 0, 87, 0, 0, -2, 87, 87, 0, 0, -2, 30, 87, 0, 0, 0, 0, 0, 0, 10, 18, 60, 1, 0]
[-2, -2, -2, 87, 0, 0, 0, 87, 87, 0, -2, 87, 87, 87, 0, -2, 30, 87, 87, 0, 0, 0, 0, 0, 0, 10, 18, 60, 1, 0]
[0, 0, 0, 87, 0, 0, -2, 87, 87, 0, 0, -2, 30, 87, 0, 0, -2, -6, 30, 0, 0, 0, 0, 0, 0, 10, 18, 60, 1, 0]
[0, 0, 87, 87, 0, -2, 87, 87, 87, 0, -2, 30, 87, 87, 0, -2, -6, 30, 87, 0, 0, 0, 0, 0, 0, 10, 18, 60, 1, 0]
[87, 87, 73, 59, 0, 87, 87, 87, 73, 0, 87, 87, 73, 59, 0, 87, 73, 59, 45, 0, 0, 0, 0, 0, 0, 10, 18, 60, 1, 0]
[87, 73, 59, 0, 0, 87, 87, 73, 0, 0, 87, 73, 59, 0, 0, 73, 59, 45, 0, 0, 0, 0, 0, 0, 0, 10, 18, 60, 1, 0]
[-2, 87, 87, 87, 0, -2, 30, 87, 87, 0, -2, -6, 30, 87, 0, -2, -6, -6, 30, 0, 0, 0, 0, 0, 0, 10, 18, 60, 1, 0]
[87, 87, 87, 87, 0, 30, 87, 87, 87, 0, -6, 30, 87, 73, 0, -6, -6, 30, 45, 0, 0, 0, 0, 0, 0, 10, 18, 60, 1, 0]
[87, 87, 87, 87, 0, 87, 87, 87, 73, 0, 30, 87, 73, 59, 0, -6, 30, 45, 45, 0, 0, 0, 0, 0, 0, 10, 18, 60, 1, 0]
[87, 87, 87, 73, 0, 87, 87, 73, 59, 0, 87, 73, 59, 45, 0, 30, 45, 45, 45, 0, 0, 0, 0, 0, 0, 10, 18, 60, 1, 0]
[87, 87, 73, 0, 0, 87, 73, 59, 0, 0, 73, 59, 45, 0, 0, 45, 45, 45, 0, 0, 0, 0, 0, 0, 0, 10, 18, 60, 1, 0]
[30, 87, 87, 87, 0, -6, 30, 87, 73, 0, -6, -6, 30, 45, 0, -6, -6, -2, -2, 0, 0, 0, 0, 0, 0, 10, 18, 60, 1, 0]
[87, 87, 87, 73, 0, 30, 87, 73, 59, 0, -6, 30, 45, 45, 0, -6, -2, -2, 45, 0, 0, 0, 0, 0, 0, 10, 18, 60, 1, 0]
[87, 87, 73, 59, 0, 87, 73, 59, 45, 0, 30, 45, 45, 45, 0, -2, -2, 45, 45, 0, 0, 0, 0, 0, 0, 10, 18, 60, 1, 0]
[87, 73, 59, 0, 0, 73, 59, 45, 0, 0, 45, 45, 45, 0, 0, -2, 45, 45, 0, 0, 0, 0, 0, 0, 0, 10, 18, 60, 1, 0]
[87, 73, 59, 45, 0, 30, 45, 45, 45, 0, -2, -2, 45, 45, 0, 0, 0, 0, 0, 0, 0, 0, 0, 0, 0, 10, 18, 60, 1, 0]
[73, 59, 45, 0, 0, 45, 45, 45, 0, 0, -2, 45, 45, 0, 0, 0, 0, 0, 0, 0, 0, 0, 0, 0, 0, 10, 18, 60, 1, 0]
[0, 0, 0, 0, 0, 12, 24, 12, 24, 0, 24, 24, 48, 36, 0, 36, 48, 60, 60, 0, 0, 0, 0, 0, 0, 10, 33, 77, 1, 0]
[12, 24, 12, 24, 0, 24, 24, 48, 36, 0, 36, 48, 60, 60, 0, 48, 60, 60, 48, 0, 0, 0, 0, 0, 0, 10, 33, 77, 1, 0]
[-4, -2, -2, -2, 0, -2, -2, -2, -2, 0, 0, 0, 45, 45, 0, -2, 87, 73, 59, 0, 0, 0, 0, 0, 0, 10, 33, 77, 1, 0]
[-2, -2, -2, -2, 0, -2, -2, -2, -2, 0, 0, 45, 45, 45, 0, 87, 73, 59, 45, 0, 0, 0, 0, 0, 0, 10, 33, 77, 1, 0]
[-2, -2, -2, 0, 0, -2, -2, -2, 0, 0, 45, 45, 45, 0, 0, 73, 59, 45, 0, 0, 0, 0, 0, 0, 0, 10, 33, 77, 1, 0]
[0, 0, 24, 24, 0, 0, 0, 36, 48, 0, 0, 0, 48, 60, 0, 0, 0, 12, 48, 0, 0, 0, 0, 0, 0, 10, 33, 77, 1, 0]
[0, 24, 24, 48, 0, 0, 36, 48, 60, 0, 0, 48, 60, 60, 0, 0, 12, 48, 48, 0, 0, 0, 0, 0, 0, 10, 33, 77, 1, 0]
[48, 36, 12, -6, 0, 60, 60, 24, 12, 0, 60, 48, 48, 12, 0, 48, 48, 12, 0, 0, 0, 0, 0, 0, 0, 10, 33, 77, 1, 0]
[-2, -2, -2, -2, 0, 0, 0, 0, 45, 0, -2, -2, 87, 73, 0, 0, 87, 87, 87, 0, 0, 0, 0, 0, 0, 10, 33, 77, 1, 0]
[-2, -2, -2, -2, 0, 0, 0, 45, 45, 0, -2, 87, 73, 59, 0, 87, 87, 87, 73, 0, 0, 0, 0, 0, 0, 10, 33, 77, 1, 0]
[-2, -2, -2, -2, 0, 0, 45, 45, 45, 0, 87, 73, 59, 45, 0, 87, 87, 73, 59, 0, 0, 0, 0, 0, 0, 10, 33, 77, 1, 0]
[-2, -2, -2, 0, 0, 45, 45, 45, 0, 0, 73, 59, 45, 0, 0, 87, 73, 59, 0, 0, 0, 0, 0, 0, 0, 10, 33, 77, 1, 0]
[0, 36, 48, 60, 0, 0, 48, 60, 60, 0, 0, 12, 48, 48, 0, 0, 12, 12, 24, 0, 0, 0, 0, 0, 0, 10, 33, 77, 1, 0]
[36, 48, 60, 60, 0, 48, 60, 60, 48, 0, 12, 48, 48, 48, 0, 12, 12, 24, 12, 0, 0, 0, 0, 0, 0, 10, 33, 77, 1, 0]
[48, 60, 60, 24, 0, 60, 60, 48, 48, 0, 48, 48, 48, 12, 0, 12, 24, 12, -6, 0, 0, 0, 0, 0, 0, 10, 33, 77, 1, 0]
[0, 0, 0, 0, 0, -2, -2, -2, 87, 0, 0, 0, 87, 87, 0, -2, 87, 87, 87, 0, 0, 0, 0, 0, 0, 10, 33, 77, 1, 0]
[0, 0, 0, 45, 0, -2, -2, 87, 73, 0, 0, 87, 87, 87, 0, 87, 87, 87, 87, 0, 0, 0, 0, 0, 0, 10, 33, 77, 1, 0]
[0, 0, 45, 45, 0, -2, 87, 73, 59, 0, 87, 87, 87, 73, 0, 87, 87, 87, 87, 0, 0, 0, 0, 0, 0, 10, 33, 77, 1, 0]
[0, 45, 45, 45, 0, 87, 73, 59, 45, 0, 87, 87, 73, 59, 0, 87, 87, 87, 73, 0, 0, 0, 0, 0, 0, 10, 33, 77, 1, 0]
[45, 45, 45, 0, 0, 73, 59, 45, 0, 0, 87, 73, 59, 0, 0, 87, 87, 73, 0, 0, 0, 0, 0, 0, 0, 10, 33, 77, 1, 0]
[0, -2, -2, -2, 0, 0, 0, 0, 87, 0, 0, -2, 87, 87, 0, 0, -2, 30, 87, 0, 0, 0, 0, 0, 0, 10, 33, 77, 1, 0]
[-2, -2, -2, 87, 0, 0, 0, 87, 87, 0, -2, 87, 87, 87, 0, -2, 30, 87, 87, 0, 0, 0, 0, 0, 0, 10, 33, 77, 1, 0]
[0, 0, 0, 87, 0, 0, -2, 87, 87, 0, 0, -2, 30, 87, 0, 0, -2, -6, 30, 0, 0, 0, 0, 0, 0, 10, 33, 77, 1, 0]
[0, 0, 87, 87, 0, -2, 87, 87, 87, 0, -2, 30, 87, 87, 0, -2, -6, 30, 87, 0, 0, 0, 0, 0, 0, 10, 33, 77, 1, 0]
[87, 87, 73, 59, 0, 87, 87, 87, 73, 0, 87, 87, 73, 59, 0, 87, 73, 59, 45, 0, 0, 0, 0, 0, 0, 10, 33, 77, 1, 0]
[87, 73, 59, 0, 0, 87, 87, 73, 0, 0, 87, 73, 59, 0, 0, 73, 59, 45, 0, 0, 0, 0, 0, 0, 0, 10, 33, 77, 1, 0]
[-2, 87, 87, 87, 0, -2, 30, 87, 87, 0, -2, -6, 30, 87, 0, -2, -6, -6, 30, 0, 0, 0, 0, 0, 0, 10, 33, 77, 1, 0]
[87, 87, 87, 87, 0, 30, 87, 87, 87, 0, -6, 30, 87, 73, 0, -6, -6, 30, 45, 0, 0, 0, 0, 0, 0, 10, 33, 77, 1, 0]
[87, 87, 87, 87, 0, 87, 87, 87, 73, 0, 30, 87, 73, 59, 0, -6, 30, 45, 45, 0, 0, 0, 0, 0, 0, 10, 33, 77, 1, 0]
[87, 87, 87, 73, 0, 87, 87, 73, 59, 0, 87, 73, 59, 45, 0, 30, 45, 45, 45, 0, 0, 0, 0, 0, 0, 10, 33, 77, 1, 0]
[87, 87, 73, 0, 0, 87, 73, 59, 0, 0, 73, 59, 45, 0, 0, 45, 45, 45, 0, 0, 0, 0, 0, 0, 0, 10, 33, 77, 1, 0]
[30, 87, 87, 87, 0, -6, 30, 87, 73, 0, -6, -6, 30, 45, 0, -6, -6, -2, -2, 0, 0, 0, 0, 0, 0, 10, 33, 77, 1, 0]
[87, 87, 87, 73, 0, 30, 87, 73, 59, 0, -6, 30, 45, 45, 0, -6, -2, -2, 45, 0, 0, 0, 0, 0, 0, 10, 33, 77, 1, 0]
[87, 87, 73, 59, 0, 87, 73, 59, 45, 0, 30, 45, 45, 45, 0, -2, -2, 45, 45, 0, 0, 0, 0, 0, 0, 10, 33, 77, 1, 0]
[87, 73, 59, 0, 0, 73, 59, 45, 0, 0, 45, 45, 45, 0, 0, -2, 45, 45, 0, 0, 0, 0, 0, 0, 0, 10, 33, 77, 1, 0]
[87, 73, 59, 45, 0, 30, 45, 45, 45, 0, -2, -2, 45, 45, 0, 0, 0, 0, 0, 0, 0, 0, 0, 0, 0, 10, 33, 77, 1, 0]
[73, 59, 45, 0, 0, 45, 45, 45, 0, 0, -2, 45, 45, 0, 0, 0, 0, 0, 0, 0, 0, 0, 0, 0, 0, 10, 33, 77, 1, 0]
[12, 24, 12, 24, 0, 24, 24, 36, 36, 0, 36, 36, 48, 48, 0, 36, 48, 60, 36, 0, 0, 0, 0, 0, 0, 10, 48, 62, 2, 0]
[12, 24, -6, -6, 0, 36, 36, 12, -6, 0, 48, 48, 36, 12, 0, 60, 36, 36, 24, 0, 0, 0, 0, 0, 0, 10, 48, 62, 2, 0]
[-4, -2, -2, -2, 0, -2, -2, -2, -2, 0, 0, 0, 43, 43, 0, -2, 85, 71, 57, 0, 0, 0, 0, 0, 0, 10, 48, 62, 2, 0]
[-2, -2, -2, -2, 0, -2, -2, -2, -2, 0, 0, 43, 43, 43, 0, 85, 71, 57, 43, 0, 0, 0, 0, 0, 0, 10, 48, 62, 2, 0]
[-2, -2, -2, 0, 0, -2, -2, -2, 0, 0, 43, 43, 43, 0, 0, 71, 57, 43, 0, 0, 0, 0, 0, 0, 0, 10, 48, 62, 2, 0]
[0, 24, 24, 36, 0, 0, 36, 36, 48, 0, 0, 36, 48, 60, 0, 0, 12, 48, 48, 0, 0, 0, 0, 0, 0, 10, 48, 62, 2, 0]
[24, 24, 36, 36, 0, 36, 36, 48, 48, 0, 36, 48, 60, 36, 0, 12, 48, 48, 48, 0, 0, 0, 0, 0, 0, 10, 48, 62, 2, 0]
[36, 36, 12, -6, 0, 48, 48, 36, 12, 0, 60, 36, 36, 24, 0, 48, 48, 24, 0, 0, 0, 0, 0, 0, 0, 10, 48, 62, 2, 0]
[36, 12, -6, -2, 0, 48, 36, 12, -2, 0, 36, 36, 24, -2, 0, 48, 24, 0, 0, 0, 0, 0, 0, 0, 0, 10, 48, 62, 2, 0]
[-2, -2, -2, -2, 0, 0, 0, 0, 43, 0, -2, -2, 85, 71, 0, 0, 85, 85, 85, 0, 0, 0, 0, 0, 0, 10, 48, 62, 2, 0]
[-2, -2, -2, -2, 0, 0, 0, 43, 43, 0, -2, 85, 71, 57, 0, 85, 85, 85, 71, 0, 0, 0, 0, 0, 0, 10, 48, 62, 2, 0]
[-2, -2, -2, -2, 0, 0, 43, 43, 43, 0, 85, 71, 57, 43, 0, 85, 85, 71, 57, 0, 0, 0, 0, 0, 0, 10, 48, 62, 2, 0]
[-2, -2, -2, 0, 0, 43, 43, 43, 0, 0, 71, 57, 43, 0, 0, 85, 71, 57, 0, 0, 0, 0, 0, 0, 0, 10, 48, 62, 2, 0]
[36, 48, 48, 36, 0, 48, 60, 36, 36, 0, 48, 48, 48, 24, 0, 24, 12, 36, 12, 0, 0, 0, 0, 0, 0, 10, 48, 62, 2, 0]
[48, 48, 36, 12, 0, 60, 36, 36, 24, 0, 48, 48, 24, 0, 0, 12, 36, 12, -6, 0, 0, 0, 0, 0, 0, 10, 48, 62, 2, 0]
[0, 0, 0, 0, 0, -2, -2, -2, 85, 0, 0, 0, 85, 85, 0, -2, 85, 85, 85, 0, 0, 0, 0, 0, 0, 10, 48, 62, 2, 0]
[0, 0, 0, 43, 0, -2, -2, 85, 71, 0, 0, 85, 85, 85, 0, 85, 85, 85, 85, 0, 0, 0, 0, 0, 0, 10, 48, 62, 2, 0]
[0, 0, 43, 43, 0, -2, 85, 71, 57, 0, 85, 85, 85, 71, 0, 85, 85, 85, 85, 0, 0, 0, 0, 0, 0, 10, 48, 62, 2, 0]
[0, 43, 43, 43, 0, 85, 71, 57, 43, 0, 85, 85, 71, 57, 0, 85, 85, 85, 71, 0, 0, 0, 0, 0, 0, 10, 48, 62, 2, 0]
[43, 43, 43, 0, 0, 71, 57, 43, 0, 0, 85, 71, 57, 0, 0, 85, 85, 71, 0, 0, 0, 0, 0, 0, 0, 10, 48, 62, 2, 0]
[48, 60, 36, 36, 0, 48, 48, 48, 24, 0, 24, 12, 36, 12, 0, 12, 12, 12, -6, 0, 0, 0, 0, 0, 0, 10, 48, 62, 2, 0]
[0, -2, -2, -2, 0, 0, 0, 0, 85, 0, 0, -2, 85, 85, 0, 0, -2, 28, 85, 0, 0, 0, 0, 0, 0, 10, 48, 62, 2, 0]
[-2, -2, -2, 85, 0, 0, 0, 85, 85, 0, -2, 85, 85, 85, 0, -2, 28, 85, 85, 0, 0, 0, 0, 0, 0, 10, 48, 62, 2, 0]
[0, 0, 0, 85, 0, 0, -2, 85, 85, 0, 0, -2, 28, 85, 0, 0, -2, -6, 28, 0, 0, 0, 0, 0, 0, 10, 48, 62, 2, 0]
[0, 0, 85, 85, 0, -2, 85, 85, 85, 0, -2, 28, 85, 85, 0, -2, -6, 28, 85, 0, 0, 0, 0, 0, 0, 10, 48, 62, 2, 0]
[85, 85, 71, 57, 0, 85, 85, 85, 71, 0, 85, 85, 71, 57, 0, 85, 71, 57, 43, 0, 0, 0, 0, 0, 0, 10, 48, 62, 2, 0]
[85, 71, 57, 0, 0, 85, 85, 71, 0, 0, 85, 71, 57, 0, 0, 71, 57, 43, 0, 0, 0, 0, 0, 0, 0, 10, 48, 62, 2, 0]
[-2, 85, 85, 85, 0, -2, 28, 85, 85, 0, -2, -6, 28, 85, 0, -2, -6, -6, 28, 0, 0, 0, 0, 0, 0, 10, 48, 62, 2, 0]
[85, 85, 85, 85, 0, 28, 85, 85, 85, 0, -6, 28, 85, 71, 0, -6, -6, 28, 43, 0, 0, 0, 0, 0, 0, 10, 48, 62, 2, 0]
[85, 85, 85, 85, 0, 85, 85, 85, 71, 0, 28, 85, 71, 57, 0, -6, 28, 43, 43, 0, 0, 0, 0, 0, 0, 10, 48, 62, 2, 0]
[85, 85, 85, 71, 0, 85, 85, 71, 57, 0, 85, 71, 57, 43, 0, 28, 43, 43, 43, 0, 0, 0, 0, 0, 0, 10, 48, 62, 2, 0]
[85, 85, 71, 0, 0, 85, 71, 57, 0, 0, 71, 57, 43, 0, 0, 43, 43, 43, 0, 0, 0, 0, 0, 0, 0, 10, 48, 62, 2, 0]
[28, 85, 85, 85, 0, -6, 28, 85, 71, 0, -6, -6, 28, 43, 0, -6, -6, -2, -2, 0, 0, 0, 0, 0, 0, 10, 48, 62, 2, 0]
[85, 85, 85, 71, 0, 28, 85, 71, 57, 0, -6, 28, 43, 43, 0, -6, -2, -2, 43, 0, 0, 0, 0, 0, 0, 10, 48, 62, 2, 0]
[85, 85, 71, 57, 0, 85, 71, 57, 43, 0, 28, 43, 43, 43, 0, -2, -2, 43, 43, 0, 0, 0, 0, 0, 0, 10, 48, 62, 2, 0]
[85, 71, 57, 0, 0, 71, 57, 43, 0, 0, 43, 43, 43, 0, 0, -2, 43, 43, 0, 0, 0, 0, 0, 0, 0, 10, 48, 62, 2, 0]
[85, 71, 57, 43, 0, 28, 43, 43, 43, 0, -2, -2, 43, 43, 0, 0, 0, 0, 0, 0, 0, 0, 0, 0, 0, 10, 48, 62, 2, 0]
[71, 57, 43, 0, 0, 43, 43, 43, 0, 0, -2, 43, 43, 0, 0, 0, 0, 0, 0, 0, 0, 0, 0, 0, 0, 10, 48, 62, 2, 0]
[0, 0, 0, 0, 0, 0, 0, 0, 0, 0, 0, 0, 12, 24, 0, 0, 0, 24, 24, 0, 0, 0, 0, 0, 0, 10, 46, 30, 0, 0]
[0, 0, 0, 0, 0, 0, 0, 0, 0, 0, 0, 12, 24, 12, 0, 0, 24, 24, 36, 0, 0, 0, 0, 0, 0, 10, 46, 30, 0, 0]
[0, 0, 0, 0, 0, 0, 0, 0, 0, 0, 12, 24, 12, 24, 0, 24, 24, 36, 24, 0, 0, 0, 0, 0, 0, 10, 46, 30, 0, 0]
[0, 0, 0, 0, 0, 0, 0, 0, 0, 0, 24, 12, 24, -6, 0, 24, 36, 24, 12, 0, 0, 0, 0, 0, 0, 10, 46, 30, 0, 0]
[0, 0, 0, 0, 0, 0, 0, 0, 0, 0, -2, -4, 84, 84, 0, -2, 84, 84, 84, 0, 0, 0, 0, 0, 0, 10, 46, 30, 0, 0]
[0, 0, 0, 0, 0, 0, 0, 0, 0, 0, -4, 84, 84, 84, 0, 84, 84, 84, 84, 0, 0, 0, 0, 0, 0, 10, 46, 30, 0, 0]
[0, 0, 0, 0, 0, 0, 0, 0, 0, 0, 84, 84, 84, 84, 0, 84, 84, 84, -2, 0, 0, 0, 0, 0, 0, 10, 46, 30, 0, 0]
[0, 0, 0, 0, 0, 0, 0, 0, 0, 0, 84, 84, 84, -2, 0, 84, 84, -2, 84, 0, 0, 0, 0, 0, 0, 10, 46, 30, 0, 0]
[0, 0, 0, 0, 0, 0, 0, 12, 24, 0, 0, 0, 24, 24, 0, 0, 0, 36, 36, 0, 0, 0, 0, 0, 0, 10, 46, 30, 0, 0]
[0, 0, 0, 0, 0, 0, 12, 24, 12, 0, 0, 24, 24, 36, 0, 0, 36, 36, 48, 0, 0, 0, 0, 0, 0, 10, 46, 30, 0, 0]
[0, 0, 0, 0, 0, 12, 24, 12, 24, 0, 24, 24, 36, 24, 0, 36, 36, 48, 36, 0, 0, 0, 0, 0, 0, 10, 46, 30, 0, 0]
[0, 0, 0, 0, 0, -2, -2, -4, 84, 0, -2, -2, 84, 84, 0, 0, 84, 84, 84, 0, 0, 0, 0, 0, 0, 10, 46, 30, 0, 0]
[0, 0, 0, 0, 0, -2, -4, 84, 84, 0, -2, 84, 84, 84, 0, 84, 84, 84, 84, 0, 0, 0, 0, 0, 0, 10, 46, 30, 0, 0]
[0, 0, 0, 0, 0, -4, 84, 84, 84, 0, 84, 84, 84, 84, 0, 84, 84, 84, 84, 0, 0, 0, 0, 0, 0, 10, 46, 30, 0, 0]
[0, 0, 0, 0, 0, 84, 84, 84, 84, 0, 84, 84, 84, -2, 0, 84, 84, 84, 84, 0, 0, 0, 0, 0, 0, 10, 46, 30, 0, 0]
[0, 0, 0, 0, 0, 84, 84, -2, 0, 0, 84, -2, 84, 0, 0, 84, 84, 84, 0, 0, 0, 0, 0, 0, 0, 10, 46, 30, 0, 0]
[12, 24, 12, 24, 0, 24, 24, 36, 24, 0, 36, 36, 48, 36, 0, 36, 48, 60, 36, 0, 0, 0, 0, 0, 0, 10, 46, 30, 0, 0]
[-2, -2, -2, -4, 0, -2, -2, -2, 84, 0, -2, 0, 84, 84, 0, -2, 0, -2, 84, 0, 0, 0, 0, 0, 0, 10, 46, 30, 0, 0]
[-2, -2, -4, 84, 0, -2, -2, 84, 84, 0, 0, 84, 84, 84, 0, 0, -2, 84, 84, 0, 0, 0, 0, 0, 0, 10, 46, 30, 0, 0]
[-2, -4, 84, 84, 0, -2, 84, 84, 84, 0, 84, 84, 84, 84, 0, -2, 84, 84, 84, 0, 0, 0, 0, 0, 0, 10, 46, 30, 0, 0]
[-4, 84, 84, 84, 0, 84, 84, 84, 84, 0, 84, 84, 84, 84, 0, 84, 84, 84, 84, 0, 0, 0, 0, 0, 0, 10, 46, 30, 0, 0]
[84, 84, 84, 84, 0, 84, 84, 84, -2, 0, 84, 84, 84, 84, 0, 84, 84, 84, 84, 0, 0, 0, 0, 0, 0, 10, 46, 30, 0, 0]
[84, 84, -2, 0, 0, 84, -2, 84, 0, 0, 84, 84, 84, 0, 0, 84, 84, 84, 0, 0, 0, 0, 0, 0, 0, 10, 46, 30, 0, 0]
[0, 0, 24, 24, 0, 0, 0, 36, 36, 0, 0, 0, 36, 48, 0, 0, 0, 24, 60, 0, 0, 0, 0, 0, 0, 10, 46, 30, 0, 0]
[0, 24, 24, 36, 0, 0, 36, 36, 48, 0, 0, 36, 48, 60, 0, 0, 24, 60, 36, 0, 0, 0, 0, 0, 0, 10, 46, 30, 0, 0]
[24, 24, 36, 24, 0, 36, 36, 48, 36, 0, 36, 48, 60, 36, 0, 24, 60, 36, 36, 0, 0, 0, 0, 0, 0, 10, 46, 30, 0, 0]
[24, 36, 24, 12, 0, 36, 48, 36, 12, 0, 48, 60, 36, 12, 0, 60, 36, 36, 12, 0, 0, 0, 0, 0, 0, 10, 46, 30, 0, 0]
[-2, -2, 84, 84, 0, 0, 84, 84, 84, 0, 0, -2, 84, 84, 0, 0, 0, 0, 0, 0, 0, 0, 0, 0, 0, 10, 46, 30, 0, 0]
[-2, 84, 84, 84, 0, 84, 84, 84, 84, 0, -2, 84, 84, 84, 0, 0, 0, 0, 69, 0, 0, 0, 0, 0, 0, 10, 46, 30, 0, 0]
[84, 84, 84, 84, 0, 84, 84, 84, 84, 0, 84, 84, 84, 84, 0, 0, 0, 69, 69, 0, 0, 0, 0, 0, 0, 10, 46, 30, 0, 0]
[84, 84, -2, 84, 0, 84, 84, 84, 84, 0, 84, 84, 84, 84, 0, 69, 69, 84, 41, 0, 0, 0, 0, 0, 0, 10, 46, 30, 0, 0]
[84, -2, 84, 0, 0, 84, 84, 84, 0, 0, 84, 84, 84, 0, 0, 69, 84, 41, 0, 0, 0, 0, 0, 0, 0, 10, 46, 30, 0, 0]
[0, 36, 36, 48, 0, 0, 36, 48, 60, 0, 0, 24, 60, 36, 0, 0, 24, 36, 24, 0, 0, 0, 0, 0, 0, 10, 46, 30, 0, 0]
[84, 84, 84, 84, 0, 84, 84, 84, 84, 0, 0, 0, 69, 69, 0, -6, 56, 84, 84, 0, 0, 0, 0, 0, 0, 10, 46, 30, 0, 0]
[84, 84, 84, 84, 0, 84, 84, 84, 84, 0, 0, 69, 69, 84, 0, 56, 84, 84, 84, 0, 0, 0, 0, 0, 0, 10, 46, 30, 0, 0]
[84, 84, 84, 84, 0, 84, 84, 84, 84, 0, 69, 69, 84, 41, 0, 84, 84, 84, 84, 0, 0, 0, 0, 0, 0, 10, 46, 30, 0, 0]
[84, 84, 84, 0, 0, 84, 84, 84, 0, 0, 69, 84, 41, 0, 0, 84, 84, 84, 0, 0, 0, 0, 0, 0, 0, 10, 46, 30, 0, 0]
[-2, 84, 84, 84, 0, 0, 0, 0, 69, 0, -2, -6, 56, 84, 0, -2, -6, 28, 56, 0, 0, 0, 0, 0, 0, 10, 46, 30, 0, 0]
[84, 84, 84, 84, 0, 0, 0, 69, 69, 0, -6, 56, 84, 84, 0, -6, 28, 56, 84, 0, 0, 0, 0, 0, 0, 10, 46, 30, 0, 0]
[84, 84, 84, 84, 0, 69, 69, 84, 41, 0, 84, 84, 84, 84, 0, 56, 84, 84, 84, 0, 0, 0, 0, 0, 0, 10, 46, 30, 0, 0]
[84, 84, 84, 0, 0, 69, 84, 41, 0, 0, 84, 84, 84, 0, 0, 84, 84, 84, 0, 0, 0, 0, 0, 0, 0, 10, 46, 30, 0, 0]
[0, 0, 0, 69, 0, -2, -6, 56, 84, 0, -2, -6, 28, 56, 0, -2, 28, 28, 28, 0, 0, 0, 0, 0, 0, 10, 46, 30, 0, 0]
[0, 0, 69, 69, 0, -6, 56, 84, 84, 0, -6, 28, 56, 84, 0, 28, 28, 28, 56, 0, 0, 0, 0, 0, 0, 10, 46, 30, 0, 0]
[0, 69, 69, 84, 0, 56, 84, 84, 84, 0, 28, 56, 84, 84, 0, 28, 28, 56, 84, 0, 0, 0, 0, 0, 0, 10, 46, 30, 0, 0]
[69, 69, 84, 41, 0, 84, 84, 84, 84, 0, 56, 84, 84, 84, 0, 28, 56, 84, 41, 0, 0, 0, 0, 0, 0, 10, 46, 30, 0, 0]
[0, -2, -6, 56, 0, 0, -2, -6, 28, 0, 0, -2, 28, 28, 0, -2, -2, 15, 28, 0, 0, 0, 0, 0, 0, 10, 46, 30, 0, 0]
[-2, -6, 56, 84, 0, -2, -6, 28, 56, 0, -2, 28, 28, 28, 0, -2, 15, 28, 28, 0, 0, 0, 0, 0, 0, 10, 46, 30, 0, 0]
[56, 84, 84, 84, 0, 28, 56, 84, 84, 0, 28, 28, 56, 84, 0, 28, 28, 28, 15, 0, 0, 0, 0, 0, 0, 10, 46, 30, 0, 0]
[84, 84, 84, 84, 0, 56, 84, 84, 84, 0, 28, 56, 84, 41, 0, 28, 28, 15, 41, 0, 0, 0, 0, 0, 0, 10, 46, 30, 0, 0]
[84, 84, 84, 0, 0, 84, 84, 84, 0, 0, 56, 84, 41, 0, 0, 28, 15, 41, 0, 0, 0, 0, 0, 0, 0, 10, 46, 30, 0, 0]
[0, -2, -6, 28, 0, 0, -2, 28, 28, 0, -2, -2, 15, 28, 0, -2, -2, -6, 15, 0, 0, 0, 0, 0, 0, 10, 46, 30, 0, 0]
[-2, -6, 28, 56, 0, -2, 28, 28, 28, 0, -2, 15, 28, 28, 0, -2, -6, 15, 28, 0, 0, 0, 0, 0, 0, 10, 46, 30, 0, 0]
[28, 56, 84, 84, 0, 28, 28, 56, 84, 0, 28, 28, 28, 15, 0, 15, 28, 15, -2, 0, 0, 0, 0, 0, 0, 10, 46, 30, 0, 0]
[56, 84, 84, 84, 0, 28, 56, 84, 41, 0, 28, 28, 15, 41, 0, 28, 15, -2, -2, 0, 0, 0, 0, 0, 0, 10, 46, 30, 0, 0]
[84, 84, 84, 0, 0, 56, 84, 41, 0, 0, 28, 15, 41, 0, 0, 15, -2, -2, 0, 0, 0, 0, 0, 0, 0, 10, 46, 30, 0, 0]
[-2, 28, 28, 28, 0, -2, 15, 28, 28, 0, -2, -6, 15, 28, 0, 0, 0, 0, 0, 0, 0, 0, 0, 0, 0, 10, 46, 30, 0, 0]
[28, 28, 28, 56, 0, 15, 28, 28, 28, 0, -6, 15, 28, 15, 0, 0, 0, 0, 0, 0, 0, 0, 0, 0, 0, 10, 46, 30, 0, 0]
[28, 28, 56, 84, 0, 28, 28, 28, 15, 0, 15, 28, 15, -2, 0, 0, 0, 0, 0, 0, 0, 0, 0, 0, 0, 10, 46, 30, 0, 0]
[0, 0, 0, 0, 0, 0, 0, 0, 0, 0, 0, 12, 24, 12, 0, 0, 24, 24, 36, 0, 0, 0, 0, 0, 0, 10, 17, 16, 2, 0]
[0, 0, 0, 0, 0, 0, 0, 0, 0, 0, -2, -4, 85, 85, 0, -2, 85, 85, 85, 0, 0, 0, 0, 0, 0, 10, 17, 16, 2, 0]
[0, 0, 0, 0, 0, 0, 0, 0, 0, 0, -4, 85, 85, 85, 0, 85, 85, 85, 85, 0, 0, 0, 0, 0, 0, 10, 17, 16, 2, 0]
[0, 0, 0, 0, 0, 0, 0, 0, 0, 0, 85, 85, 85, 85, 0, 85, 85, 85, -2, 0, 0, 0, 0, 0, 0, 10, 17, 16, 2, 0]
[0, 0, 0, 0, 0, 0, 0, 0, 0, 0, 85, 85, 85, -2, 0, 85, 85, -2, 85, 0, 0, 0, 0, 0, 0, 10, 17, 16, 2, 0]
[0, 0, 0, 0, 0, 0, 0, 12, 24, 0, 0, 0, 24, 24, 0, 0, 0, 36, 36, 0, 0, 0, 0, 0, 0, 10, 17, 16, 2, 0]
[0, 0, 0, 0, 0, 12, 24, 12, 24, 0, 24, 24, 36, 24, 0, 36, 36, 48, 36, 0, 0, 0, 0, 0, 0, 10, 17, 16, 2, 0]
[0, 0, 0, 0, 0, -2, -2, -4, 85, 0, -2, -2, 85, 85, 0, 0, 85, 85, 85, 0, 0, 0, 0, 0, 0, 10, 17, 16, 2, 0]
[0, 0, 0, 0, 0, -2, -4, 85, 85, 0, -2, 85, 85, 85, 0, 85, 85, 85, 85, 0, 0, 0, 0, 0, 0, 10, 17, 16, 2, 0]
[0, 0, 0, 0, 0, -4, 85, 85, 85, 0, 85, 85, 85, 85, 0, 85, 85, 85, 85, 0, 0, 0, 0, 0, 0, 10, 17, 16, 2, 0]
[0, 0, 0, 0, 0, 85, 85, 85, 85, 0, 85, 85, 85, -2, 0, 85, 85, 85, 85, 0, 0, 0, 0, 0, 0, 10, 17, 16, 2, 0]
[0, 0, 0, 0, 0, 85, 85, -2, 0, 0, 85, -2, 85, 0, 0, 85, 85, 85, 0, 0, 0, 0, 0, 0, 0, 10, 17, 16, 2, 0]
[12, 24, 12, 24, 0, 24, 24, 36, 24, 0, 36, 36, 48, 36, 0, 36, 48, 60, 36, 0, 0, 0, 0, 0, 0, 10, 17, 16, 2, 0]
[-2, -2, -2, -4, 0, -2, -2, -2, 85, 0, -2, 0, 85, 85, 0, -2, 0, -2, 85, 0, 0, 0, 0, 0, 0, 10, 17, 16, 2, 0]
[-2, -2, -4, 85, 0, -2, -2, 85, 85, 0, 0, 85, 85, 85, 0, 0, -2, 85, 85, 0, 0, 0, 0, 0, 0, 10, 17, 16, 2, 0]
[-2, -4, 85, 85, 0, -2, 85, 85, 85, 0, 85, 85, 85, 85, 0, -2, 85, 85, 85, 0, 0, 0, 0, 0, 0, 10, 17, 16, 2, 0]
[-4, 85, 85, 85, 0, 85, 85, 85, 85, 0, 85, 85, 85, 85, 0, 85, 85, 85, 85, 0, 0, 0, 0, 0, 0, 10, 17, 16, 2, 0]
[85, 85, 85, 85, 0, 85, 85, 85, -2, 0, 85, 85, 85, 85, 0, 85, 85, 85, 85, 0, 0, 0, 0, 0, 0, 10, 17, 16, 2, 0]
[85, 85, -2, 0, 0, 85, -2, 85, 0, 0, 85, 85, 85, 0, 0, 85, 85, 85, 0, 0, 0, 0, 0, 0, 0, 10, 17, 16, 2, 0]
[0, 0, 24, 24, 0, 0, 0, 36, 36, 0, 0, 0, 36, 48, 0, 0, 0, 24, 60, 0, 0, 0, 0, 0, 0, 10, 17, 16, 2, 0]
[0, 24, 24, 36, 0, 0, 36, 36, 48, 0, 0, 36, 48, 60, 0, 0, 24, 60, 36, 0, 0, 0, 0, 0, 0, 10, 17, 16, 2, 0]
[24, 24, 36, 24, 0, 36, 36, 48, 36, 0, 36, 48, 60, 36, 0, 24, 60, 36, 36, 0, 0, 0, 0, 0, 0, 10, 17, 16, 2, 0]
[-2, -2, 85, 85, 0, 0, 85, 85, 85, 0, 0, -2, 85, 85, 0, 0, 0, 0, 0, 0, 0, 0, 0, 0, 0, 10, 17, 16, 2, 0]
[-2, 85, 85, 85, 0, 85, 85, 85, 85, 0, -2, 85, 85, 85, 0, 0, 0, 0, 70, 0, 0, 0, 0, 0, 0, 10, 17, 16, 2, 0]
[85, 85, 85, 85, 0, 85, 85, 85, 85, 0, 85, 85, 85, 85, 0, 0, 0, 70, 70, 0, 0, 0, 0, 0, 0, 10, 17, 16, 2, 0]
[85, 85, -2, 85, 0, 85, 85, 85, 85, 0, 85, 85, 85, 85, 0, 70, 70, 85, 42, 0, 0, 0, 0, 0, 0, 10, 17, 16, 2, 0]
[85, -2, 85, 0, 0, 85, 85, 85, 0, 0, 85, 85, 85, 0, 0, 70, 85, 42, 0, 0, 0, 0, 0, 0, 0, 10, 17, 16, 2, 0]
[0, 36, 36, 48, 0, 0, 36, 48, 60, 0, 0, 24, 60, 36, 0, 0, 36, 48, 36, 0, 0, 0, 0, 0, 0, 10, 17, 16, 2, 0]
[85, 85, 85, 85, 0, 85, 85, 85, 85, 0, 0, 0, 70, 70, 0, -6, 56, 85, 85, 0, 0, 0, 0, 0, 0, 10, 17, 16, 2, 0]
[85, 85, 85, 85, 0, 85, 85, 85, 85, 0, 0, 70, 70, 85, 0, 56, 85, 85, 85, 0, 0, 0, 0, 0, 0, 10, 17, 16, 2, 0]
[85, 85, 85, 85, 0, 85, 85, 85, 85, 0, 70, 70, 85, 42, 0, 85, 85, 85, 85, 0, 0, 0, 0, 0, 0, 10, 17, 16, 2, 0]
[85, 85, 85, 0, 0, 85, 85, 85, 0, 0, 70, 85, 42, 0, 0, 85, 85, 85, 0, 0, 0, 0, 0, 0, 0, 10, 17, 16, 2, 0]
[-2, 85, 85, 85, 0, 0, 0, 0, 70, 0, -2, -6, 56, 85, 0, -2, -6, 28, 56, 0, 0, 0, 0, 0, 0, 10, 17, 16, 2, 0]
[85, 85, 85, 85, 0, 0, 0, 70, 70, 0, -6, 56, 85, 85, 0, -6, 28, 56, 85, 0, 0, 0, 0, 0, 0, 10, 17, 16, 2, 0]
[85, 85, 85, 85, 0, 70, 70, 85, 42, 0, 85, 85, 85, 85, 0, 56, 85, 85, 85, 0, 0, 0, 0, 0, 0, 10, 17, 16, 2, 0]
[85, 85, 85, 0, 0, 70, 85, 42, 0, 0, 85, 85, 85, 0, 0, 85, 85, 85, 0, 0, 0, 0, 0, 0, 0, 10, 17, 16, 2, 0]
[0, 0, 0, 70, 0, -2, -6, 56, 85, 0, -2, -6, 28, 56, 0, -2, 28, 28, 28, 0, 0, 0, 0, 0, 0, 10, 17, 16, 2, 0]
[0, 0, 70, 70, 0, -6, 56, 85, 85, 0, -6, 28, 56, 85, 0, 28, 28, 28, 56, 0, 0, 0, 0, 0, 0, 10, 17, 16, 2, 0]
[0, 70, 70, 85, 0, 56, 85, 85, 85, 0, 28, 56, 85, 85, 0, 28, 28, 56, 85, 0, 0, 0, 0, 0, 0, 10, 17, 16, 2, 0]
[70, 70, 85, 42, 0, 85, 85, 85, 85, 0, 56, 85, 85, 85, 0, 28, 56, 85, 42, 0, 0, 0, 0, 0, 0, 10, 17, 16, 2, 0]
[0, -2, -6, 56, 0, 0, -2, -6, 28, 0, 0, -2, 28, 28, 0, -2, -2, 14, 28, 0, 0, 0, 0, 0, 0, 10, 17, 16, 2, 0]
[-2, -6, 56, 85, 0, -2, -6, 28, 56, 0, -2, 28, 28, 28, 0, -2, 14, 28, 28, 0, 0, 0, 0, 0, 0, 10, 17, 16, 2, 0]
[56, 85, 85, 85, 0, 28, 56, 85, 85, 0, 28, 28, 56, 85, 0, 28, 28, 28, 14, 0, 0, 0, 0, 0, 0, 10, 17, 16, 2, 0]
[85, 85, 85, 85, 0, 56, 85, 85, 85, 0, 28, 56, 85, 42, 0, 28, 28, 14, 42, 0, 0, 0, 0, 0, 0, 10, 17, 16, 2, 0]
[85, 85, 85, 0, 0, 85, 85, 85, 0, 0, 56, 85, 42, 0, 0, 28, 14, 42, 0, 0, 0, 0, 0, 0, 0, 10, 17, 16, 2, 0]
[0, -2, -6, 28, 0, 0, -2, 28, 28, 0, -2, -2, 14, 28, 0, -2, -2, -6, 14, 0, 0, 0, 0, 0, 0, 10, 17, 16, 2, 0]
[-2, -6, 28, 56, 0, -2, 28, 28, 28, 0, -2, 14, 28, 28, 0, -2, -6, 14, 28, 0, 0, 0, 0, 0, 0, 10, 17, 16, 2, 0]
[28, 56, 85, 85, 0, 28, 28, 56, 85, 0, 28, 28, 28, 14, 0, 14, 28, 14, -2, 0, 0, 0, 0, 0, 0, 10, 17, 16, 2, 0]
[56, 85, 85, 85, 0, 28, 56, 85, 42, 0, 28, 28, 14, 42, 0, 28, 14, -2, -2, 0, 0, 0, 0, 0, 0, 10, 17, 16, 2, 0]
[85, 85, 85, 0, 0, 56, 85, 42, 0, 0, 28, 14, 42, 0, 0, 14, -2, -2, 0, 0, 0, 0, 0, 0, 0, 10, 17, 16, 2, 0]
[-2, 28, 28, 28, 0, -2, 14, 28, 28, 0, -2, -6, 14, 28, 0, 0, 0, 0, 0, 0, 0, 0, 0, 0, 0, 10, 17, 16, 2, 0]
[28, 28, 28, 56, 0, 14, 28, 28, 28, 0, -6, 14, 28, 14, 0, 0, 0, 0, 0, 0, 0, 0, 0, 0, 0, 10, 17, 16, 2, 0]
[28, 28, 56, 85, 0, 28, 28, 28, 14, 0, 14, 28, 14, -2, 0, 0, 0, 0, 0, 0, 0, 0, 0, 0, 0, 10, 17, 16, 2, 0]
[0, 0, 0, 0, 0, 0, 0, 0, 0, 0, 24, 24, 36, -6, 0, 24, 36, 36, 24, 0, 0, 0, 0, 0, 0, 10, 47, 35, 1, 0]
[0, 0, 0, 0, 0, 0, 0, 0, 0, 0, -2, -4, 87, 87, 0, -2, 87, 87, 87, 0, 0, 0, 0, 0, 0, 10, 47, 35, 1, 0]
[0, 0, 0, 0, 0, 0, 0, 0, 0, 0, -4, 87, 87, 87, 0, 87, 87, 87, 87, 0, 0, 0, 0, 0, 0, 10, 47, 35, 1, 0]
[0, 0, 0, 0, 0, 0, 0, 0, 0, 0, 87, 87, 87, 87, 0, 87, 87, 87, -2, 0, 0, 0, 0, 0, 0, 10, 47, 35, 1, 0]
[0, 0, 0, 0, 0, 0, 0, 0, 0, 0, 87, 87, 87, -2, 0, 87, 87, -2, 87, 0, 0, 0, 0, 0, 0, 10, 47, 35, 1, 0]
[0, 0, 0, 0, 0, 24, 24, 24, 36, 0, 24, 24, 36, 36, 0, 36, 36, 48, 36, 0, 0, 0, 0, 0, 0, 10, 47, 35, 1, 0]
[0, 0, 0, 0, 0, 24, 24, 36, -6, 0, 24, 36, 36, 24, 0, 36, 48, 36, 24, 0, 0, 0, 0, 0, 0, 10, 47, 35, 1, 0]
[0, 0, 0, 0, 0, 24, 36, -6, -6, 0, 36, 36, 24, -6, 0, 48, 36, 24, 24, 0, 0, 0, 0, 0, 0, 10, 47, 35, 1, 0]
[0, 0, 0, 0, 0, -2, -2, -4, 87, 0, -2, -2, 87, 87, 0, 0, 87, 87, 87, 0, 0, 0, 0, 0, 0, 10, 47, 35, 1, 0]
[0, 0, 0, 0, 0, -2, -4, 87, 87, 0, -2, 87, 87, 87, 0, 87, 87, 87, 87, 0, 0, 0, 0, 0, 0, 10, 47, 35, 1, 0]
[0, 0, 0, 0, 0, -4, 87, 87, 87, 0, 87, 87, 87, 87, 0, 87, 87, 87, 87, 0, 0, 0, 0, 0, 0, 10, 47, 35, 1, 0]
[0, 0, 0, 0, 0, 87, 87, 87, 87, 0, 87, 87, 87, -2, 0, 87, 87, 87, 87, 0, 0, 0, 0, 0, 0, 10, 47, 35, 1, 0]
[0, 0, 0, 0, 0, 87, 87, -2, 0, 0, 87, -2, 87, 0, 0, 87, 87, 87, 0, 0, 0, 0, 0, 0, 0, 10, 47, 35, 1, 0]
[0, 24, 24, 24, 0, 0, 24, 24, 36, 0, 0, 36, 36, 48, 0, 0, 24, 48, 60, 0, 0, 0, 0, 0, 0, 10, 47, 35, 1, 0]
[24, 24, 24, 36, 0, 24, 24, 36, 36, 0, 36, 36, 48, 36, 0, 24, 48, 60, 48, 0, 0, 0, 0, 0, 0, 10, 47, 35, 1, 0]
[24, 36, -6, -6, 0, 36, 36, 24, -6, 0, 48, 36, 24, 24, 0, 60, 48, 24, -6, 0, 0, 0, 0, 0, 0, 10, 47, 35, 1, 0]
[-2, -2, -2, -4, 0, -2, -2, -2, 87, 0, -2, 0, 87, 87, 0, -2, 0, -2, 87, 0, 0, 0, 0, 0, 0, 10, 47, 35, 1, 0]
[-2, -2, -4, 87, 0, -2, -2, 87, 87, 0, 0, 87, 87, 87, 0, 0, -2, 87, 87, 0, 0, 0, 0, 0, 0, 10, 47, 35, 1, 0]
[-2, -4, 87, 87, 0, -2, 87, 87, 87, 0, 87, 87, 87, 87, 0, -2, 87, 87, 87, 0, 0, 0, 0, 0, 0, 10, 47, 35, 1, 0]
[-4, 87, 87, 87, 0, 87, 87, 87, 87, 0, 87, 87, 87, 87, 0, 87, 87, 87, 87, 0, 0, 0, 0, 0, 0, 10, 47, 35, 1, 0]
[87, 87, 87, 87, 0, 87, 87, 87, -2, 0, 87, 87, 87, 87, 0, 87, 87, 87, 87, 0, 0, 0, 0, 0, 0, 10, 47, 35, 1, 0]
[87, 87, -2, 0, 0, 87, -2, 87, 0, 0, 87, 87, 87, 0, 0, 87, 87, 87, 0, 0, 0, 0, 0, 0, 0, 10, 47, 35, 1, 0]
[24, 24, 36, 36, 0, 36, 36, 48, 36, 0, 24, 48, 60, 48, 0, 24, 48, 36, 48, 0, 0, 0, 0, 0, 0, 10, 47, 35, 1, 0]
[24, 36, 36, 24, 0, 36, 48, 36, 24, 0, 48, 60, 48, 24, 0, 48, 36, 48, 12, 0, 0, 0, 0, 0, 0, 10, 47, 35, 1, 0]
[36, 36, 24, -6, 0, 48, 36, 24, 24, 0, 60, 48, 24, -6, 0, 36, 48, 12, 0, 0, 0, 0, 0, 0, 0, 10, 47, 35, 1, 0]
[-2, -2, 87, 87, 0, 0, 87, 87, 87, 0, 0, -2, 87, 87, 0, 0, 0, 0, 0, 0, 0, 0, 0, 0, 0, 10, 47, 35, 1, 0]
[-2, 87, 87, 87, 0, 87, 87, 87, 87, 0, -2, 87, 87, 87, 0, 0, 0, 0, 72, 0, 0, 0, 0, 0, 0, 10, 47, 35, 1, 0]
[87, 87, 87, 87, 0, 87, 87, 87, 87, 0, 87, 87, 87, 87, 0, 0, 0, 72, 72, 0, 0, 0, 0, 0, 0, 10, 47, 35, 1, 0]
[87, 87, -2, 87, 0, 87, 87, 87, 87, 0, 87, 87, 87, 87, 0, 72, 72, 87, 43, 0, 0, 0, 0, 0, 0, 10, 47, 35, 1, 0]
[87, -2, 87, 0, 0, 87, 87, 87, 0, 0, 87, 87, 87, 0, 0, 72, 87, 43, 0, 0, 0, 0, 0, 0, 0, 10, 47, 35, 1, 0]
[36, 48, 36, 24, 0, 48, 60, 48, 24, 0, 48, 36, 48, 12, 0, 48, 36, 24, 12, 0, 0, 0, 0, 0, 0, 10, 47, 35, 1, 0]
[87, 87, 87, 87, 0, 87, 87, 87, 87, 0, 0, 0, 72, 72, 0, -6, 58, 87, 87, 0, 0, 0, 0, 0, 0, 10, 47, 35, 1, 0]
[87, 87, 87, 87, 0, 87, 87, 87, 87, 0, 0, 72, 72, 87, 0, 58, 87, 87, 87, 0, 0, 0, 0, 0, 0, 10, 47, 35, 1, 0]
[87, 87, 87, 87, 0, 87, 87, 87, 87, 0, 72, 72, 87, 43, 0, 87, 87, 87, 87, 0, 0, 0, 0, 0, 0, 10, 47, 35, 1, 0]
[87, 87, 87, 0, 0, 87, 87, 87, 0, 0, 72, 87, 43, 0, 0, 87, 87, 87, 0, 0, 0, 0, 0, 0, 0, 10, 47, 35, 1, 0]
[-2, 87, 87, 87, 0, 0, 0, 0, 72, 0, -2, -6, 58, 87, 0, -2, -6, 29, 58, 0, 0, 0, 0, 0, 0, 10, 47, 35, 1, 0]
[87, 87, 87, 87, 0, 0, 0, 72, 72, 0, -6, 58, 87, 87, 0, -6, 29, 58, 87, 0, 0, 0, 0, 0, 0, 10, 47, 35, 1, 0]
[87, 87, 87, 87, 0, 72, 72, 87, 43, 0, 87, 87, 87, 87, 0, 58, 87, 87, 87, 0, 0, 0, 0, 0, 0, 10, 47, 35, 1, 0]
[87, 87, 87, 0, 0, 72, 87, 43, 0, 0, 87, 87, 87, 0, 0, 87, 87, 87, 0, 0, 0, 0, 0, 0, 0, 10, 47, 35, 1, 0]
[0, 0, 0, 72, 0, -2, -6, 58, 87, 0, -2, -6, 29, 58, 0, -2, 29, 29, 29, 0, 0, 0, 0, 0, 0, 10, 47, 35, 1, 0]
[0, 0, 72, 72, 0, -6, 58, 87, 87, 0, -6, 29, 58, 87, 0, 29, 29, 29, 58, 0, 0, 0, 0, 0, 0, 10, 47, 35, 1, 0]
[0, 72, 72, 87, 0, 58, 87, 87, 87, 0, 29, 58, 87, 87, 0, 29, 29, 58, 87, 0, 0, 0, 0, 0, 0, 10, 47, 35, 1, 0]
[72, 72, 87, 43, 0, 87, 87, 87, 87, 0, 58, 87, 87, 87, 0, 29, 58, 87, 43, 0, 0, 0, 0, 0, 0, 10, 47, 35, 1, 0]
[0, -2, -6, 58, 0, 0, -2, -6, 29, 0, 0, -2, 29, 29, 0, -2, -2, 15, 29, 0, 0, 0, 0, 0, 0, 10, 47, 35, 1, 0]
[-2, -6, 58, 87, 0, -2, -6, 29, 58, 0, -2, 29, 29, 29, 0, -2, 15, 29, 29, 0, 0, 0, 0, 0, 0, 10, 47, 35, 1, 0]
[58, 87, 87, 87, 0, 29, 58, 87, 87, 0, 29, 29, 58, 87, 0, 29, 29, 29, 15, 0, 0, 0, 0, 0, 0, 10, 47, 35, 1, 0]
[87, 87, 87, 87, 0, 58, 87, 87, 87, 0, 29, 58, 87, 43, 0, 29, 29, 15, 43, 0, 0, 0, 0, 0, 0, 10, 47, 35, 1, 0]
[87, 87, 87, 0, 0, 87, 87, 87, 0, 0, 58, 87, 43, 0, 0, 29, 15, 43, 0, 0, 0, 0, 0, 0, 0, 10, 47, 35, 1, 0]
[0, -2, -6, 29, 0, 0, -2, 29, 29, 0, -2, -2, 15, 29, 0, -2, -2, -6, 15, 0, 0, 0, 0, 0, 0, 10, 47, 35, 1, 0]
[-2, -6, 29, 58, 0, -2, 29, 29, 29, 0, -2, 15, 29, 29, 0, -2, -6, 15, 29, 0, 0, 0, 0, 0, 0, 10, 47, 35, 1, 0]
[29, 58, 87, 87, 0, 29, 29, 58, 87, 0, 29, 29, 29, 15, 0, 15, 29, 15, -2, 0, 0, 0, 0, 0, 0, 10, 47, 35, 1, 0]
[58, 87, 87, 87, 0, 29, 58, 87, 43, 0, 29, 29, 15, 43, 0, 29, 15, -2, -2, 0, 0, 0, 0, 0, 0, 10, 47, 35, 1, 0]
[87, 87, 87, 0, 0, 58, 87, 43, 0, 0, 29, 15, 43, 0, 0, 15, -2, -2, 0, 0, 0, 0, 0, 0, 0, 10, 47, 35, 1, 0]
[-2, 29, 29, 29, 0, -2, 15, 29, 29, 0, -2, -6, 15, 29, 0, 0, 0, 0, 0, 0, 0, 0, 0, 0, 0, 10, 47, 35, 1, 0]
[29, 29, 29, 58, 0, 15, 29, 29, 29, 0, -6, 15, 29, 15, 0, 0, 0, 0, 0, 0, 0, 0, 0, 0, 0, 10, 47, 35, 1, 0]
[29, 29, 58, 87, 0, 29, 29, 29, 15, 0, 15, 29, 15, -2, 0, 0, 0, 0, 0, 0, 0, 0, 0, 0, 0, 10, 47, 35, 1, 0]
[0, 0, 0, 0, 0, 0, 0, 0, 0, 0, -2, -4, 87, 87, 0, -2, 87, 87, 87, 0, 0, 0, 0, 0, 0, 10, 4, 61, 1, 0]
[0, 0, 0, 0, 0, 0, 0, 0, 0, 0, -4, 87, 87, 87, 0, 87, 87, 87, 87, 0, 0, 0, 0, 0, 0, 10, 4, 61, 1, 0]
[0, 0, 0, 0, 0, 0, 0, 0, 0, 0, 87, 87, 87, 87, 0, 87, 87, 87, -2, 0, 0, 0, 0, 0, 0, 10, 4, 61, 1, 0]
[0, 0, 0, 0, 0, 0, 0, 0, 0, 0, 87, 87, 87, -2, 0, 87, 87, -2, 87, 0, 0, 0, 0, 0, 0, 10, 4, 61, 1, 0]
[0, 0, 0, 0, 0, -2, -2, -4, 87, 0, -2, -2, 87, 87, 0, 12, 87, 87, 87, 0, 0, 0, 0, 0, 0, 10, 4, 61, 1, 0]
[0, 0, 0, 0, 0, -2, -4, 87, 87, 0, -2, 87, 87, 87, 0, 87, 87, 87, 87, 0, 0, 0, 0, 0, 0, 10, 4, 61, 1, 0]
[0, 0, 0, 0, 0, -4, 87, 87, 87, 0, 87, 87, 87, 87, 0, 87, 87, 87, 87, 0, 0, 0, 0, 0, 0, 10, 4, 61, 1, 0]
[0, 0, 0, 0, 0, 87, 87, 87, 87, 0, 87, 87, 87, -2, 0, 87, 87, 87, 87, 0, 0, 0, 0, 0, 0, 10, 4, 61, 1, 0]
[0, 0, 0, 0, 0, 87, 87, -2, 0, 0, 87, -2, 87, 0, 0, 87, 87, 87, 0, 0, 0, 0, 0, 0, 0, 10, 4, 61, 1, 0]
[-2, -2, -2, -4, 0, 12, -2, -2, 87, 0, 12, 12, 87, 87, 0, 12, 0, -2, 87, 0, 0, 0, 0, 0, 0, 10, 4, 61, 1, 0]
[-2, -2, -4, 87, 0, -2, -2, 87, 87, 0, 12, 87, 87, 87, 0, 0, -2, 87, 87, 0, 0, 0, 0, 0, 0, 10, 4, 61, 1, 0]
[-2, -4, 87, 87, 0, -2, 87, 87, 87, 0, 87, 87, 87, 87, 0, -2, 87, 87, 87, 0, 0, 0, 0, 0, 0, 10, 4, 61, 1, 0]
[-4, 87, 87, 87, 0, 87, 87, 87, 87, 0, 87, 87, 87, 87, 0, 87, 87, 87, 87, 0, 0, 0, 0, 0, 0, 10, 4, 61, 1, 0]
[87, 87, 87, 87, 0, 87, 87, 87, -2, 0, 87, 87, 87, 87, 0, 87, 87, 87, 87, 0, 0, 0, 0, 0, 0, 10, 4, 61, 1, 0]
[87, 87, -2, 0, 0, 87, -2, 87, 0, 0, 87, 87, 87, 0, 0, 87, 87, 87, 0, 0, 0, 0, 0, 0, 0, 10, 4, 61, 1, 0]
[0, 0, 24, 24, 0, 0, 0, 36, 24, 0, 0, 0, 36, 48, 0, 0, 0, 36, 60, 0, 0, 0, 0, 0, 0, 10, 4, 61, 1, 0]
[0, 24, 24, 24, 0, 0, 36, 24, 36, 0, 0, 36, 48, 36, 0, 0, 36, 60, 48, 0, 0, 0, 0, 0, 0, 10, 4, 61, 1, 0]
[-2, -2, 87, 87, 0, 12, 87, 87, 87, 0, 0, -2, 87, 87, 0, 0, 0, 0, 0, 0, 0, 0, 0, 0, 0, 10, 4, 61, 1, 0]
[-2, 87, 87, 87, 0, 87, 87, 87, 87, 0, -2, 87, 87, 87, 0, 0, 0, 0, 72, 0, 0, 0, 0, 0, 0, 10, 4, 61, 1, 0]
[87, 87, 87, 87, 0, 87, 87, 87, 87, 0, 87, 87, 87, 87, 0, 0, 0, 72, 72, 0, 0, 0, 0, 0, 0, 10, 4, 61, 1, 0]
[87, 87, -2, 87, 0, 87, 87, 87, 87, 0, 87, 87, 87, 87, 0, 72, 72, 87, 43, 0, 0, 0, 0, 0, 0, 10, 4, 61, 1, 0]
[87, -2, 87, 0, 0, 87, 87, 87, 0, 0, 87, 87, 87, 0, 0, 72, 87, 43, 0, 0, 0, 0, 0, 0, 0, 10, 4, 61, 1, 0]
[87, 87, 87, 87, 0, 87, 87, 87, 87, 0, 0, 0, 72, 72, 0, -6, 58, 87, 87, 0, 0, 0, 0, 0, 0, 10, 4, 61, 1, 0]
[87, 87, 87, 87, 0, 87, 87, 87, 87, 0, 0, 72, 72, 87, 0, 58, 87, 87, 87, 0, 0, 0, 0, 0, 0, 10, 4, 61, 1, 0]
[87, 87, 87, 87, 0, 87, 87, 87, 87, 0, 72, 72, 87, 43, 0, 87, 87, 87, 87, 0, 0, 0, 0, 0, 0, 10, 4, 61, 1, 0]
[87, 87, 87, 0, 0, 87, 87, 87, 0, 0, 72, 87, 43, 0, 0, 87, 87, 87, 0, 0, 0, 0, 0, 0, 0, 10, 4, 61, 1, 0]
[0, 0, 36, 48, 0, 0, 0, 36, 60, 0, 0, 0, 48, 60, 0, 0, 0, 24, 24, 0, 0, 0, 0, 0, 0, 10, 4, 61, 1, 0]
[0, 36, 48, 36, 0, 0, 36, 60, 48, 0, 0, 48, 60, 36, 0, 0, 24, 24, 24, 0, 0, 0, 0, 0, 0, 10, 4, 61, 1, 0]
[-2, 87, 87, 87, 0, 0, 0, 0, 72, 0, -2, -6, 58, 87, 0, -2, -6, 29, 58, 0, 0, 0, 0, 0, 0, 10, 4, 61, 1, 0]
[87, 87, 87, 87, 0, 0, 0, 72, 72, 0, -6, 58, 87, 87, 0, -6, 29, 58, 87, 0, 0, 0, 0, 0, 0, 10, 4, 61, 1, 0]
[87, 87, 87, 87, 0, 72, 72, 87, 43, 0, 87, 87, 87, 87, 0, 58, 87, 87, 87, 0, 0, 0, 0, 0, 0, 10, 4, 61, 1, 0]
[87, 87, 87, 0, 0, 72, 87, 43, 0, 0, 87, 87, 87, 0, 0, 87, 87, 87, 0, 0, 0, 0, 0, 0, 0, 10, 4, 61, 1, 0]
[0, 0, 36, 60, 0, 0, 0, 48, 60, 0, 0, 0, 24, 24, 0, 0, 0, -2, 0, 0, 0, 0, 0, 0, 0, 10, 4, 61, 1, 0]
[0, 0, 0, 72, 0, -2, -6, 58, 87, 0, -2, -6, 29, 58, 0, -2, 29, 29, 29, 0, 0, 0, 0, 0, 0, 10, 4, 61, 1, 0]
[0, 0, 72, 72, 0, -6, 58, 87, 87, 0, -6, 29, 58, 87, 0, 29, 29, 29, 58, 0, 0, 0, 0, 0, 0, 10, 4, 61, 1, 0]
[0, 72, 72, 87, 0, 58, 87, 87, 87, 0, 29, 58, 87, 87, 0, 29, 29, 58, 87, 0, 0, 0, 0, 0, 0, 10, 4, 61, 1, 0]
[72, 72, 87, 43, 0, 87, 87, 87, 87, 0, 58, 87, 87, 87, 0, 29, 58, 87, 43, 0, 0, 0, 0, 0, 0, 10, 4, 61, 1, 0]
[0, -2, -6, 58, 0, 0, -2, -6, 29, 0, 0, -2, 29, 29, 0, -2, -2, 15, 29, 0, 0, 0, 0, 0, 0, 10, 4, 61, 1, 0]
[-2, -6, 58, 87, 0, -2, -6, 29, 58, 0, -2, 29, 29, 29, 0, -2, 15, 29, 29, 0, 0, 0, 0, 0, 0, 10, 4, 61, 1, 0]
[58, 87, 87, 87, 0, 29, 58, 87, 87, 0, 29, 29, 58, 87, 0, 29, 29, 29, 15, 0, 0, 0, 0, 0, 0, 10, 4, 61, 1, 0]
[87, 87, 87, 87, 0, 58, 87, 87, 87, 0, 29, 58, 87, 43, 0, 29, 29, 15, 43, 0, 0, 0, 0, 0, 0, 10, 4, 61, 1, 0]
[87, 87, 87, 0, 0, 87, 87, 87, 0, 0, 58, 87, 43, 0, 0, 29, 15, 43, 0, 0, 0, 0, 0, 0, 0, 10, 4, 61, 1, 0]
[0, -2, -6, 29, 0, 0, -2, 29, 29, 0, -2, -2, 15, 29, 0, -2, -2, -6, 15, 0, 0, 0, 0, 0, 0, 10, 4, 61, 1, 0]
[-2, -6, 29, 58, 0, -2, 29, 29, 29, 0, -2, 15, 29, 29, 0, -2, -6, 15, 29, 0, 0, 0, 0, 0, 0, 10, 4, 61, 1, 0]
[29, 58, 87, 87, 0, 29, 29, 58, 87, 0, 29, 29, 29, 15, 0, 15, 29, 15, -2, 0, 0, 0, 0, 0, 0, 10, 4, 61, 1, 0]
[58, 87, 87, 87, 0, 29, 58, 87, 43, 0, 29, 29, 15, 43, 0, 29, 15, -2, -2, 0, 0, 0, 0, 0, 0, 10, 4, 61, 1, 0]
[87, 87, 87, 0, 0, 58, 87, 43, 0, 0, 29, 15, 43, 0, 0, 15, -2, -2, 0, 0, 0, 0, 0, 0, 0, 10, 4, 61, 1, 0]
[-2, 29, 29, 29, 0, -2, 15, 29, 29, 0, -2, -6, 15, 29, 0, 0, 0, 0, 0, 0, 0, 0, 0, 0, 0, 10, 4, 61, 1, 0]
[29, 29, 29, 58, 0, 15, 29, 29, 29, 0, -6, 15, 29, 15, 0, 0, 0, 0, 0, 0, 0, 0, 0, 0, 0, 10, 4, 61, 1, 0]
[29, 29, 58, 87, 0, 29, 29, 29, 15, 0, 15, 29, 15, -2, 0, 0, 0, 0, 0, 0, 0, 0, 0, 0, 0, 10, 4, 61, 1, 0]
[0, 0, 0, 0, 0, 0, 0, 0, 0, 0, -2, -4, 85, 85, 0, -2, 85, 85, 85, 0, 0, 0, 0, 0, 0, 10, 34, 60, 2, 0]
[0, 0, 0, 0, 0, 0, 0, 0, 0, 0, -4, 85, 85, 85, 0, 85, 85, 85, 85, 0, 0, 0, 0, 0, 0, 10, 34, 60, 2, 0]
[0, 0, 0, 0, 0, 0, 0, 0, 0, 0, 85, 85, 85, 85, 0, 85, 85, 85, -2, 0, 0, 0, 0, 0, 0, 10, 34, 60, 2, 0]
[0, 0, 0, 0, 0, 0, 0, 0, 0, 0, 85, 85, 85, -2, 0, 85, 85, -2, 85, 0, 0, 0, 0, 0, 0, 10, 34, 60, 2, 0]
[0, 0, 0, 0, 0, -2, -2, -4, 85, 0, -2, -2, 85, 85, 0, 12, 85, 85, 85, 0, 0, 0, 0, 0, 0, 10, 34, 60, 2, 0]
[0, 0, 0, 0, 0, -2, -4, 85, 85, 0, -2, 85, 85, 85, 0, 85, 85, 85, 85, 0, 0, 0, 0, 0, 0, 10, 34, 60, 2, 0]
[0, 0, 0, 0, 0, -4, 85, 85, 85, 0, 85, 85, 85, 85, 0, 85, 85, 85, 85, 0, 0, 0, 0, 0, 0, 10, 34, 60, 2, 0]
[0, 0, 0, 0, 0, 85, 85, 85, 85, 0, 85, 85, 85, -2, 0, 85, 85, 85, 85, 0, 0, 0, 0, 0, 0, 10, 34, 60, 2, 0]
[0, 0, 0, 0, 0, 85, 85, -2, 0, 0, 85, -2, 85, 0, 0, 85, 85, 85, 0, 0, 0, 0, 0, 0, 0, 10, 34, 60, 2, 0]
[24, 24, 24, 12, 0, 24, 24, 24, 24, 0, 24, 36, 36, 24, 0, 24, 48, 60, 36, 0, 0, 0, 0, 0, 0, 10, 34, 60, 2, 0]
[-2, -2, -2, -4, 0, 12, -2, -2, 85, 0, 12, 12, 85, 85, 0, 12, 0, -2, 85, 0, 0, 0, 0, 0, 0, 10, 34, 60, 2, 0]
[-2, -2, -4, 85, 0, -2, -2, 85, 85, 0, 12, 85, 85, 85, 0, 0, -2, 85, 85, 0, 0, 0, 0, 0, 0, 10, 34, 60, 2, 0]
[-2, -4, 85, 85, 0, -2, 85, 85, 85, 0, 85, 85, 85, 85, 0, -2, 85, 85, 85, 0, 0, 0, 0, 0, 0, 10, 34, 60, 2, 0]
[-4, 85, 85, 85, 0, 85, 85, 85, 85, 0, 85, 85, 85, 85, 0, 85, 85, 85, 85, 0, 0, 0, 0, 0, 0, 10, 34, 60, 2, 0]
[85, 85, 85, 85, 0, 85, 85, 85, -2, 0, 85, 85, 85, 85, 0, 85, 85, 85, 85, 0, 0, 0, 0, 0, 0, 10, 34, 60, 2, 0]
[85, 85, -2, 0, 0, 85, -2, 85, 0, 0, 85, 85, 85, 0, 0, 85, 85, 85, 0, 0, 0, 0, 0, 0, 0, 10, 34, 60, 2, 0]
[0, 24, 24, 24, 0, 0, 24, 36, 36, 0, 0, 24, 48, 60, 0, 0, 36, 60, 48, 0, 0, 0, 0, 0, 0, 10, 34, 60, 2, 0]
[24, 24, 24, 24, 0, 24, 36, 36, 24, 0, 24, 48, 60, 36, 0, 36, 60, 48, 48, 0, 0, 0, 0, 0, 0, 10, 34, 60, 2, 0]
[24, 24, 24, 12, 0, 36, 36, 24, 12, 0, 48, 60, 36, 12, 0, 60, 48, 48, 24, 0, 0, 0, 0, 0, 0, 10, 34, 60, 2, 0]
[-2, -2, 85, 85, 0, 12, 85, 85, 85, 0, 0, -2, 85, 85, 0, 0, 0, 0, 0, 0, 0, 0, 0, 0, 0, 10, 34, 60, 2, 0]
[-2, 85, 85, 85, 0, 85, 85, 85, 85, 0, -2, 85, 85, 85, 0, 0, 0, 0, 70, 0, 0, 0, 0, 0, 0, 10, 34, 60, 2, 0]
[85, 85, 85, 85, 0, 85, 85, 85, 85, 0, 85, 85, 85, 85, 0, 0, 0, 70, 70, 0, 0, 0, 0, 0, 0, 10, 34, 60, 2, 0]
[85, 85, -2, 85, 0, 85, 85, 85, 85, 0, 85, 85, 85, 85, 0, 70, 70, 85, 42, 0, 0, 0, 0, 0, 0, 10, 34, 60, 2, 0]
[85, -2, 85, 0, 0, 85, 85, 85, 0, 0, 85, 85, 85, 0, 0, 70, 85, 42, 0, 0, 0, 0, 0, 0, 0, 10, 34, 60, 2, 0]
[36, 36, 24, 12, 0, 48, 60, 36, 12, 0, 60, 48, 48, 24, 0, 60, 60, 36, 12, 0, 0, 0, 0, 0, 0, 10, 34, 60, 2, 0]
[36, 24, 12, 12, 0, 60, 36, 12, 12, 0, 48, 48, 24, 12, 0, 60, 36, 12, -6, 0, 0, 0, 0, 0, 0, 10, 34, 60, 2, 0]
[85, 85, 85, 85, 0, 85, 85, 85, 85, 0, 0, 0, 70, 70, 0, -6, 56, 85, 85, 0, 0, 0, 0, 0, 0, 10, 34, 60, 2, 0]
[85, 85, 85, 85, 0, 85, 85, 85, 85, 0, 0, 70, 70, 85, 0, 56, 85, 85, 85, 0, 0, 0, 0, 0, 0, 10, 34, 60, 2, 0]
[85, 85, 85, 85, 0, 85, 85, 85, 85, 0, 70, 70, 85, 42, 0, 85, 85, 85, 85, 0, 0, 0, 0, 0, 0, 10, 34, 60, 2, 0]
[85, 85, 85, 0, 0, 85, 85, 85, 0, 0, 70, 85, 42, 0, 0, 85, 85, 85, 0, 0, 0, 0, 0, 0, 0, 10, 34, 60, 2, 0]
[0, 24, 48, 60, 0, 0, 36, 60, 48, 0, 0, 36, 60, 60, 0, 0, -2, 36, 36, 0, 0, 0, 0, 0, 0, 10, 34, 60, 2, 0]
[48, 60, 36, 12, 0, 60, 48, 48, 24, 0, 60, 60, 36, 12, 0, 36, 36, 12, -6, 0, 0, 0, 0, 0, 0, 10, 34, 60, 2, 0]
[-2, 85, 85, 85, 0, 0, 0, 0, 70, 0, -2, -6, 56, 85, 0, -2, -6, 28, 56, 0, 0, 0, 0, 0, 0, 10, 34, 60, 2, 0]
[85, 85, 85, 85, 0, 0, 0, 70, 70, 0, -6, 56, 85, 85, 0, -6, 28, 56, 85, 0, 0, 0, 0, 0, 0, 10, 34, 60, 2, 0]
[85, 85, 85, 85, 0, 70, 70, 85, 42, 0, 85, 85, 85, 85, 0, 56, 85, 85, 85, 0, 0, 0, 0, 0, 0, 10, 34, 60, 2, 0]
[85, 85, 85, 0, 0, 70, 85, 42, 0, 0, 85, 85, 85, 0, 0, 85, 85, 85, 0, 0, 0, 0, 0, 0, 0, 10, 34, 60, 2, 0]
[36, 60, 48, 48, 0, 36, 60, 60, 36, 0, -2, 36, 36, 12, 0, -2, 0, 12, 0, 0, 0, 0, 0, 0, 0, 10, 34, 60, 2, 0]
[0, 0, 0, 70, 0, -2, -6, 56, 85, 0, -2, -6, 28, 56, 0, -2, 28, 28, 28, 0, 0, 0, 0, 0, 0, 10, 34, 60, 2, 0]
[0, 0, 70, 70, 0, -6, 56, 85, 85, 0, -6, 28, 56, 85, 0, 28, 28, 28, 56, 0, 0, 0, 0, 0, 0, 10, 34, 60, 2, 0]
[0, 70, 70, 85, 0, 56, 85, 85, 85, 0, 28, 56, 85, 85, 0, 28, 28, 56, 85, 0, 0, 0, 0, 0, 0, 10, 34, 60, 2, 0]
[70, 70, 85, 42, 0, 85, 85, 85, 85, 0, 56, 85, 85, 85, 0, 28, 56, 85, 42, 0, 0, 0, 0, 0, 0, 10, 34, 60, 2, 0]
[0, -2, -6, 56, 0, 0, -2, -6, 28, 0, 0, -2, 28, 28, 0, -2, -2, 14, 28, 0, 0, 0, 0, 0, 0, 10, 34, 60, 2, 0]
[-2, -6, 56, 85, 0, -2, -6, 28, 56, 0, -2, 28, 28, 28, 0, -2, 14, 28, 28, 0, 0, 0, 0, 0, 0, 10, 34, 60, 2, 0]
[56, 85, 85, 85, 0, 28, 56, 85, 85, 0, 28, 28, 56, 85, 0, 28, 28, 28, 14, 0, 0, 0, 0, 0, 0, 10, 34, 60, 2, 0]
[85, 85, 85, 85, 0, 56, 85, 85, 85, 0, 28, 56, 85, 42, 0, 28, 28, 14, 42, 0, 0, 0, 0, 0, 0, 10, 34, 60, 2, 0]
[85, 85, 85, 0, 0, 85, 85, 85, 0, 0, 56, 85, 42, 0, 0, 28, 14, 42, 0, 0, 0, 0, 0, 0, 0, 10, 34, 60, 2, 0]
[0, -2, -6, 28, 0, 0, -2, 28, 28, 0, -2, -2, 14, 28, 0, -2, -2, -6, 14, 0, 0, 0, 0, 0, 0, 10, 34, 60, 2, 0]
[-2, -6, 28, 56, 0, -2, 28, 28, 28, 0, -2, 14, 28, 28, 0, -2, -6, 14, 28, 0, 0, 0, 0, 0, 0, 10, 34, 60, 2, 0]
[28, 56, 85, 85, 0, 28, 28, 56, 85, 0, 28, 28, 28, 14, 0, 14, 28, 14, -2, 0, 0, 0, 0, 0, 0, 10, 34, 60, 2, 0]
[56, 85, 85, 85, 0, 28, 56, 85, 42, 0, 28, 28, 14, 42, 0, 28, 14, -2, -2, 0, 0, 0, 0, 0, 0, 10, 34, 60, 2, 0]
[85, 85, 85, 0, 0, 56, 85, 42, 0, 0, 28, 14, 42, 0, 0, 14, -2, -2, 0, 0, 0, 0, 0, 0, 0, 10, 34, 60, 2, 0]
[-2, 28, 28, 28, 0, -2, 14, 28, 28, 0, -2, -6, 14, 28, 0, 0, 0, 0, 0, 0, 0, 0, 0, 0, 0, 10, 34, 60, 2, 0]
[28, 28, 28, 56, 0, 14, 28, 28, 28, 0, -6, 14, 28, 14, 0, 0, 0, 0, 0, 0, 0, 0, 0, 0, 0, 10, 34, 60, 2, 0]
[28, 28, 56, 85, 0, 28, 28, 28, 14, 0, 14, 28, 14, -2, 0, 0, 0, 0, 0, 0, 0, 0, 0, 0, 0, 10, 34, 60, 2, 0]
[0, 0, 0, 0, 0, 0, 0, 0, 0, 0, -2, -4, 87, 87, 0, -2, 87, 87, 87, 0, 0, 0, 0, 0, 0, 10, 35, 93, 1, 0]
[0, 0, 0, 0, 0, 0, 0, 0, 0, 0, -4, 87, 87, 87, 0, 87, 87, 87, 87, 0, 0, 0, 0, 0, 0, 10, 35, 93, 1, 0]
[0, 0, 0, 0, 0, 0, 0, 0, 0, 0, 87, 87, 87, 87, 0, 87, 87, 87, -2, 0, 0, 0, 0, 0, 0, 10, 35, 93, 1, 0]
[0, 0, 0, 0, 0, 0, 0, 0, 0, 0, 87, 87, 87, -2, 0, 87, 87, -2, 87, 0, 0, 0, 0, 0, 0, 10, 35, 93, 1, 0]
[0, 0, 0, 0, 0, -2, -2, -4, 87, 0, -2, -2, 87, 87, 0, 12, 87, 87, 87, 0, 0, 0, 0, 0, 0, 10, 35, 93, 1, 0]
[0, 0, 0, 0, 0, -2, -4, 87, 87, 0, -2, 87, 87, 87, 0, 87, 87, 87, 87, 0, 0, 0, 0, 0, 0, 10, 35, 93, 1, 0]
[0, 0, 0, 0, 0, -4, 87, 87, 87, 0, 87, 87, 87, 87, 0, 87, 87, 87, 87, 0, 0, 0, 0, 0, 0, 10, 35, 93, 1, 0]
[0, 0, 0, 0, 0, 87, 87, 87, 87, 0, 87, 87, 87, -2, 0, 87, 87, 87, 87, 0, 0, 0, 0, 0, 0, 10, 35, 93, 1, 0]
[0, 0, 0, 0, 0, 87, 87, -2, 0, 0, 87, -2, 87, 0, 0, 87, 87, 87, 0, 0, 0, 0, 0, 0, 0, 10, 35, 93, 1, 0]
[-2, -2, -2, -4, 0, 12, -2, -2, 87, 0, 12, 12, 87, 87, 0, 12, 0, -2, 87, 0, 0, 0, 0, 0, 0, 10, 35, 93, 1, 0]
[-2, -2, -4, 87, 0, -2, -2, 87, 87, 0, 12, 87, 87, 87, 0, 0, -2, 87, 87, 0, 0, 0, 0, 0, 0, 10, 35, 93, 1, 0]
[-2, -4, 87, 87, 0, -2, 87, 87, 87, 0, 87, 87, 87, 87, 0, -2, 87, 87, 87, 0, 0, 0, 0, 0, 0, 10, 35, 93, 1, 0]
[-4, 87, 87, 87, 0, 87, 87, 87, 87, 0, 87, 87, 87, 87, 0, 87, 87, 87, 87, 0, 0, 0, 0, 0, 0, 10, 35, 93, 1, 0]
[87, 87, 87, 87, 0, 87, 87, 87, -2, 0, 87, 87, 87, 87, 0, 87, 87, 87, 87, 0, 0, 0, 0, 0, 0, 10, 35, 93, 1, 0]
[87, 87, -2, 0, 0, 87, -2, 87, 0, 0, 87, 87, 87, 0, 0, 87, 87, 87, 0, 0, 0, 0, 0, 0, 0, 10, 35, 93, 1, 0]
[24, 24, 24, 24, 0, 36, 36, 24, 24, 0, 36, 48, 48, 12, 0, 24, 60, 48, 36, 0, 0, 0, 0, 0, 0, 10, 35, 93, 1, 0]
[-2, -2, 87, 87, 0, 12, 87, 87, 87, 0, 0, -2, 87, 87, 0, 0, 0, 0, 0, 0, 0, 0, 0, 0, 0, 10, 35, 93, 1, 0]
[-2, 87, 87, 87, 0, 87, 87, 87, 87, 0, -2, 87, 87, 87, 0, 0, 0, 0, 72, 0, 0, 0, 0, 0, 0, 10, 35, 93, 1, 0]
[87, 87, 87, 87, 0, 87, 87, 87, 87, 0, 87, 87, 87, 87, 0, 0, 0, 72, 72, 0, 0, 0, 0, 0, 0, 10, 35, 93, 1, 0]
[87, 87, -2, 87, 0, 87, 87, 87, 87, 0, 87, 87, 87, 87, 0, 72, 72, 87, 43, 0, 0, 0, 0, 0, 0, 10, 35, 93, 1, 0]
[87, -2, 87, 0, 0, 87, 87, 87, 0, 0, 87, 87, 87, 0, 0, 72, 87, 43, 0, 0, 0, 0, 0, 0, 0, 10, 35, 93, 1, 0]
[36, 36, 24, 24, 0, 36, 48, 48, 12, 0, 24, 60, 48, 36, 0, 60, 60, 48, 24, 0, 0, 0, 0, 0, 0, 10, 35, 93, 1, 0]
[36, 24, 24, 12, 0, 48, 48, 12, 12, 0, 60, 48, 36, 0, 0, 60, 48, 24, 24, 0, 0, 0, 0, 0, 0, 10, 35, 93, 1, 0]
[87, 87, 87, 87, 0, 87, 87, 87, 87, 0, 0, 0, 72, 72, 0, -6, 58, 87, 87, 0, 0, 0, 0, 0, 0, 10, 35, 93, 1, 0]
[87, 87, 87, 87, 0, 87, 87, 87, 87, 0, 0, 72, 72, 87, 0, 58, 87, 87, 87, 0, 0, 0, 0, 0, 0, 10, 35, 93, 1, 0]
[87, 87, 87, 87, 0, 87, 87, 87, 87, 0, 72, 72, 87, 43, 0, 87, 87, 87, 87, 0, 0, 0, 0, 0, 0, 10, 35, 93, 1, 0]
[87, 87, 87, 0, 0, 87, 87, 87, 0, 0, 72, 87, 43, 0, 0, 87, 87, 87, 0, 0, 0, 0, 0, 0, 0, 10, 35, 93, 1, 0]
[0, 0, 36, 48, 0, 0, 0, 24, 60, 0, 0, 0, 60, 60, 0, 0, 0, 12, 48, 0, 0, 0, 0, 0, 0, 10, 35, 93, 1, 0]
[0, 36, 48, 48, 0, 0, 24, 60, 48, 0, 0, 60, 60, 48, 0, 0, 12, 48, 24, 0, 0, 0, 0, 0, 0, 10, 35, 93, 1, 0]
[48, 48, 12, 12, 0, 60, 48, 36, 0, 0, 60, 48, 24, 24, 0, 48, 24, 24, -6, 0, 0, 0, 0, 0, 0, 10, 35, 93, 1, 0]
[48, 12, 12, 12, 0, 48, 36, 0, 12, 0, 48, 24, 24, -6, 0, 24, 24, -6, -6, 0, 0, 0, 0, 0, 0, 10, 35, 93, 1, 0]
[-2, 87, 87, 87, 0, 0, 0, 0, 72, 0, -2, -6, 58, 87, 0, -2, -6, 29, 58, 0, 0, 0, 0, 0, 0, 10, 35, 93, 1, 0]
[87, 87, 87, 87, 0, 0, 0, 72, 72, 0, -6, 58, 87, 87, 0, -6, 29, 58, 87, 0, 0, 0, 0, 0, 0, 10, 35, 93, 1, 0]
[87, 87, 87, 87, 0, 72, 72, 87, 43, 0, 87, 87, 87, 87, 0, 58, 87, 87, 87, 0, 0, 0, 0, 0, 0, 10, 35, 93, 1, 0]
[87, 87, 87, 0, 0, 72, 87, 43, 0, 0, 87, 87, 87, 0, 0, 87, 87, 87, 0, 0, 0, 0, 0, 0, 0, 10, 35, 93, 1, 0]
[0, 24, 60, 48, 0, 0, 60, 60, 48, 0, 0, 12, 48, 24, 0, 0, -2, 0, 24, 0, 0, 0, 0, 0, 0, 10, 35, 93, 1, 0]
[24, 60, 48, 36, 0, 60, 60, 48, 24, 0, 12, 48, 24, 24, 0, -2, 0, 24, 0, 0, 0, 0, 0, 0, 0, 10, 35, 93, 1, 0]
[0, 0, 0, 72, 0, -2, -6, 58, 87, 0, -2, -6, 29, 58, 0, -2, 29, 29, 29, 0, 0, 0, 0, 0, 0, 10, 35, 93, 1, 0]
[0, 0, 72, 72, 0, -6, 58, 87, 87, 0, -6, 29, 58, 87, 0, 29, 29, 29, 58, 0, 0, 0, 0, 0, 0, 10, 35, 93, 1, 0]
[0, 72, 72, 87, 0, 58, 87, 87, 87, 0, 29, 58, 87, 87, 0, 29, 29, 58, 87, 0, 0, 0, 0, 0, 0, 10, 35, 93, 1, 0]
[72, 72, 87, 43, 0, 87, 87, 87, 87, 0, 58, 87, 87, 87, 0, 29, 58, 87, 43, 0, 0, 0, 0, 0, 0, 10, 35, 93, 1, 0]
[60, 60, 48, 24, 0, 12, 48, 24, 24, 0, -2, 0, 24, 0, 0, -2, -2, -2, -2, 0, 0, 0, 0, 0, 0, 10, 35, 93, 1, 0]
[0, -2, -6, 58, 0, 0, -2, -6, 29, 0, 0, -2, 29, 29, 0, -2, -2, 15, 29, 0, 0, 0, 0, 0, 0, 10, 35, 93, 1, 0]
[-2, -6, 58, 87, 0, -2, -6, 29, 58, 0, -2, 29, 29, 29, 0, -2, 15, 29, 29, 0, 0, 0, 0, 0, 0, 10, 35, 93, 1, 0]
[58, 87, 87, 87, 0, 29, 58, 87, 87, 0, 29, 29, 58, 87, 0, 29, 29, 29, 15, 0, 0, 0, 0, 0, 0, 10, 35, 93, 1, 0]
[87, 87, 87, 87, 0, 58, 87, 87, 87, 0, 29, 58, 87, 43, 0, 29, 29, 15, 43, 0, 0, 0, 0, 0, 0, 10, 35, 93, 1, 0]
[87, 87, 87, 0, 0, 87, 87, 87, 0, 0, 58, 87, 43, 0, 0, 29, 15, 43, 0, 0, 0, 0, 0, 0, 0, 10, 35, 93, 1, 0]
[0, -2, -6, 29, 0, 0, -2, 29, 29, 0, -2, -2, 15, 29, 0, -2, -2, -6, 15, 0, 0, 0, 0, 0, 0, 10, 35, 93, 1, 0]
[-2, -6, 29, 58, 0, -2, 29, 29, 29, 0, -2, 15, 29, 29, 0, -2, -6, 15, 29, 0, 0, 0, 0, 0, 0, 10, 35, 93, 1, 0]
[29, 58, 87, 87, 0, 29, 29, 58, 87, 0, 29, 29, 29, 15, 0, 15, 29, 15, -2, 0, 0, 0, 0, 0, 0, 10, 35, 93, 1, 0]
[58, 87, 87, 87, 0, 29, 58, 87, 43, 0, 29, 29, 15, 43, 0, 29, 15, -2, -2, 0, 0, 0, 0, 0, 0, 10, 35, 93, 1, 0]
[87, 87, 87, 0, 0, 58, 87, 43, 0, 0, 29, 15, 43, 0, 0, 15, -2, -2, 0, 0, 0, 0, 0, 0, 0, 10, 35, 93, 1, 0]
[-2, 29, 29, 29, 0, -2, 15, 29, 29, 0, -2, -6, 15, 29, 0, 0, 0, 0, 0, 0, 0, 0, 0, 0, 0, 10, 35, 93, 1, 0]
[29, 29, 29, 58, 0, 15, 29, 29, 29, 0, -6, 15, 29, 15, 0, 0, 0, 0, 0, 0, 0, 0, 0, 0, 0, 10, 35, 93, 1, 0]
[29, 29, 58, 87, 0, 29, 29, 29, 15, 0, 15, 29, 15, -2, 0, 0, 0, 0, 0, 0, 0, 0, 0, 0, 0, 10, 35, 93, 1, 0]
[0, 0, 0, 0, 0, 0, 0, 0, 0, 0, 0, 0, 24, 24, 0, 0, 0, 24, 24, 0, 0, 0, 0, 0, 0, 10, 16, 1, 2, 0]
[0, 0, 0, 0, 0, 0, 0, 0, 0, 0, 24, 24, 24, 12, 0, 24, 24, 24, 24, 0, 0, 0, 0, 0, 0, 10, 16, 1, 2, 0]
[0, 0, 0, 0, 0, 0, 0, 0, 0, 0, -2, -2, 85, 85, 0, 12, 85, 85, 85, 0, 0, 0, 0, 0, 0, 10, 16, 1, 2, 0]
[0, 0, 0, 0, 0, 0, 0, 0, 0, 0, -2, 85, 85, 85, 0, 85, 85, 85, 85, 0, 0, 0, 0, 0, 0, 10, 16, 1, 2, 0]
[0, 0, 0, 0, 0, 0, 0, 0, 0, 0, 85, 85, 85, 85, 0, 85, 85, 85, 85, 0, 0, 0, 0, 0, 0, 10, 16, 1, 2, 0]
[0, 0, 0, 0, 0, 0, 0, 0, 0, 0, 85, 85, 85, 85, 0, 85, 85, 85, 85, 0, 0, 0, 0, 0, 0, 10, 16, 1, 2, 0]
[0, 0, 0, 0, 0, 0, 0, 0, 0, 0, 85, 85, 85, 85, 0, 85, 85, 85, -2, 0, 0, 0, 0, 0, 0, 10, 16, 1, 2, 0]
[0, 0, 0, 0, 0, 0, 0, 0, 0, 0, 85, 85, 85, -2, 0, 85, 85, -2, -2, 0, 0, 0, 0, 0, 0, 10, 16, 1, 2, 0]
[0, 0, 0, 0, 0, 0, 0, 24, 24, 0, 0, 0, 24, 24, 0, 0, 0, 36, 36, 0, 0, 0, 0, 0, 0, 10, 16, 1, 2, 0]
[0, 0, 0, 0, 0, 24, 24, 24, 12, 0, 24, 24, 24, 24, 0, 36, 36, 24, 24, 0, 0, 0, 0, 0, 0, 10, 16, 1, 2, 0]
[0, 0, 0, 0, 0, 24, 24, 12, -6, 0, 24, 24, 24, 12, 0, 36, 24, 24, 12, 0, 0, 0, 0, 0, 0, 10, 16, 1, 2, 0]
[0, 0, 0, 0, 0, 12, -2, -2, 85, 0, 12, 12, 85, 85, 0, 12, 99, 97, 85, 0, 0, 0, 0, 0, 0, 10, 16, 1, 2, 0]
[0, 0, 0, 0, 0, -2, -2, 85, 85, 0, 12, 85, 85, 85, 0, 99, 97, 85, 85, 0, 0, 0, 0, 0, 0, 10, 16, 1, 2, 0]
[0, 0, 0, 0, 0, 85, 85, 85, 85, 0, 85, 85, 85, 85, 0, 85, 85, 85, 85, 0, 0, 0, 0, 0, 0, 10, 16, 1, 2, 0]
[0, 0, 0, 0, 0, 85, 85, 85, 85, 0, 85, 85, 85, 85, 0, 85, 85, 85, 85, 0, 0, 0, 0, 0, 0, 10, 16, 1, 2, 0]
[0, 0, 0, 0, 0, 85, 85, 85, 85, 0, 85, 85, 85, -2, 0, 85, 85, 85, 85, 0, 0, 0, 0, 0, 0, 10, 16, 1, 2, 0]
[0, 24, 24, 24, 0, 0, 24, 24, 24, 0, 0, 36, 36, 24, 0, 0, 36, 48, 24, 0, 0, 0, 0, 0, 0, 10, 16, 1, 2, 0]
[24, 24, 24, 12, 0, 24, 24, 24, 24, 0, 36, 36, 24, 24, 0, 36, 48, 24, 12, 0, 0, 0, 0, 0, 0, 10, 16, 1, 2, 0]
[-6, 12, -2, -2, 0, 12, 12, 12, 85, 0, 12, 12, 99, 97, 0, 12, 12, 99, 85, 0, 0, 0, 0, 0, 0, 10, 16, 1, 2, 0]
[12, -2, -2, 85, 0, 12, 12, 85, 85, 0, 12, 99, 97, 85, 0, 12, 99, 85, 85, 0, 0, 0, 0, 0, 0, 10, 16, 1, 2, 0]
[-2, -2, 85, 85, 0, 12, 85, 85, 85, 0, 99, 97, 85, 85, 0, 99, 85, 85, 85, 0, 0, 0, 0, 0, 0, 10, 16, 1, 2, 0]
[-2, 85, 85, 85, 0, 85, 85, 85, 85, 0, 97, 85, 85, 85, 0, 85, 85, 85, 85, 0, 0, 0, 0, 0, 0, 10, 16, 1, 2, 0]
[85, 85, 85, 85, 0, 85, 85, 85, 85, 0, 85, 85, 85, 85, 0, 85, 85, 85, 85, 0, 0, 0, 0, 0, 0, 10, 16, 1, 2, 0]
[85, 85, 85, 85, 0, 85, 85, 85, 85, 0, 85, 85, 85, 85, 0, 85, 85, 85, 85, 0, 0, 0, 0, 0, 0, 10, 16, 1, 2, 0]
[85, 85, 85, 85, 0, 85, 85, 85, -2, 0, 85, 85, 85, 85, 0, 85, 85, 85, 56, 0, 0, 0, 0, 0, 0, 10, 16, 1, 2, 0]
[85, 85, 85, -2, 0, 85, 85, -2, -2, 0, 85, 85, 85, -2, 0, 85, 85, 56, 56, 0, 0, 0, 0, 0, 0, 10, 16, 1, 2, 0]
[0, 24, 24, 24, 0, 0, 36, 36, 24, 0, 0, 36, 48, 24, 0, 0, 24, 36, 24, 0, 0, 0, 0, 0, 0, 10, 16, 1, 2, 0]
[12, 12, 12, 85, 0, 12, 12, 99, 97, 0, 12, 12, 99, 85, 0, 0, 12, 0, 85, 0, 0, 0, 0, 0, 0, 10, 16, 1, 2, 0]
[12, 12, 85, 85, 0, 12, 99, 97, 85, 0, 12, 99, 85, 85, 0, 12, 0, 85, 0, 0, 0, 0, 0, 0, 0, 10, 16, 1, 2, 0]
[12, 85, 85, 85, 0, 99, 97, 85, 85, 0, 99, 85, 85, 85, 0, 0, 85, 0, 70, 0, 0, 0, 0, 0, 0, 10, 16, 1, 2, 0]
[85, 85, 85, 85, 0, 97, 85, 85, 85, 0, 85, 85, 85, 85, 0, 85, 0, 70, 70, 0, 0, 0, 0, 0, 0, 10, 16, 1, 2, 0]
[85, 85, 85, 85, 0, 85, 85, 85, 85, 0, 85, 85, 85, 85, 0, 0, 70, 70, 70, 0, 0, 0, 0, 0, 0, 10, 16, 1, 2, 0]
[85, 85, 85, 85, 0, 85, 85, 85, 85, 0, 85, 85, 85, 85, 0, 70, 70, 70, 70, 0, 0, 0, 0, 0, 0, 10, 16, 1, 2, 0]
[85, 85, 85, -2, 0, 85, 85, 85, 85, 0, 85, 85, 85, 56, 0, 70, 70, 70, 70, 0, 0, 0, 0, 0, 0, 10, 16, 1, 2, 0]
[85, 85, -2, -2, 0, 85, 85, 85, -2, 0, 85, 85, 56, 56, 0, 70, 70, 70, 56, 0, 0, 0, 0, 0, 0, 10, 16, 1, 2, 0]
[85, -2, -2, 0, 0, 85, 85, -2, 0, 0, 85, 56, 56, 0, 0, 70, 70, 56, 0, 0, 0, 0, 0, 0, 0, 10, 16, 1, 2, 0]
[12, 99, 97, 85, 0, 12, 99, 85, 85, 0, 12, 0, 85, 0, 0, -6, -2, 0, -2, 0, 0, 0, 0, 0, 0, 10, 16, 1, 2, 0]
[97, 85, 85, 85, 0, 85, 85, 85, 85, 0, 85, 0, 70, 70, 0, 0, -2, -6, 70, 0, 0, 0, 0, 0, 0, 10, 16, 1, 2, 0]
[85, 85, 85, 85, 0, 85, 85, 85, 85, 0, 0, 70, 70, 70, 0, -2, -6, 70, 70, 0, 0, 0, 0, 0, 0, 10, 16, 1, 2, 0]
[85, 85, 85, 85, 0, 85, 85, 85, 56, 0, 70, 70, 70, 70, 0, 70, 70, 70, 56, 0, 0, 0, 0, 0, 0, 10, 16, 1, 2, 0]
[85, 85, -2, 0, 0, 85, 56, 56, 0, 0, 70, 70, 56, 0, 0, 70, 56, 56, 0, 0, 0, 0, 0, 0, 0, 10, 16, 1, 2, 0]
[85, 85, 85, 85, 0, 0, 70, 70, 70, 0, -2, -6, 70, 70, 0, -2, 28, 42, 70, 0, 0, 0, 0, 0, 0, 10, 16, 1, 2, 0]
[85, 85, 85, 85, 0, 70, 70, 70, 70, 0, -6, 70, 70, 70, 0, 28, 42, 70, 42, 0, 0, 0, 0, 0, 0, 10, 16, 1, 2, 0]
[85, 85, 85, 56, 0, 70, 70, 70, 70, 0, 70, 70, 70, 56, 0, 42, 70, 42, 56, 0, 0, 0, 0, 0, 0, 10, 16, 1, 2, 0]
[85, 85, 56, 56, 0, 70, 70, 70, 56, 0, 70, 70, 56, 56, 0, 70, 42, 56, 42, 0, 0, 0, 0, 0, 0, 10, 16, 1, 2, 0]
[85, 56, 56, 0, 0, 70, 70, 56, 0, 0, 70, 56, 56, 0, 0, 42, 56, 42, 0, 0, 0, 0, 0, 0, 0, 10, 16, 1, 2, 0]
[85, 0, 70, 70, 0, 0, -2, -6, 70, 0, 0, -2, 28, 42, 0, 0, 28, 28, 28, 0, 0, 0, 0, 0, 0, 10, 16, 1, 2, 0]
[0, 70, 70, 70, 0, -2, -6, 70, 70, 0, -2, 28, 42, 70, 0, 28, 28, 28, 42, 0, 0, 0, 0, 0, 0, 10, 16, 1, 2, 0]
[70, 70, 70, 70, 0, -6, 70, 70, 70, 0, 28, 42, 70, 42, 0, 28, 28, 42, 42, 0, 0, 0, 0, 0, 0, 10, 16, 1, 2, 0]
[70, 70, 70, 56, 0, 70, 70, 56, 56, 0, 70, 42, 56, 42, 0, 42, 42, 42, -2, 0, 0, 0, 0, 0, 0, 10, 16, 1, 2, 0]
[70, 70, 56, 0, 0, 70, 56, 56, 0, 0, 42, 56, 42, 0, 0, 42, 42, -2, 0, 0, 0, 0, 0, 0, 0, 10, 16, 1, 2, 0]
[-2, 0, -2, -6, 0, -2, 0, -2, 28, 0, 0, 0, 28, 28, 0, -2, -2, 14, 28, 0, 0, 0, 0, 0, 0, 10, 16, 1, 2, 0]
[0, -2, -6, 70, 0, 0, -2, 28, 42, 0, 0, 28, 28, 28, 0, -2, 14, 28, 28, 0, 0, 0, 0, 0, 0, 10, 16, 1, 2, 0]
[-6, 70, 70, 70, 0, 28, 42, 70, 42, 0, 28, 28, 42, 42, 0, 28, 28, 28, 42, 0, 0, 0, 0, 0, 0, 10, 16, 1, 2, 0]
[70, 70, 70, 56, 0, 42, 70, 42, 56, 0, 28, 42, 42, 42, 0, 28, 28, 42, 0, 0, 0, 0, 0, 0, 0, 10, 16, 1, 2, 0]
[70, 70, 56, 56, 0, 70, 42, 56, 42, 0, 42, 42, 42, -2, 0, 28, 42, 0, -4, 0, 0, 0, 0, 0, 0, 10, 16, 1, 2, 0]
[-2, 0, -2, 28, 0, 0, 0, 28, 28, 0, -2, -2, 14, 28, 0, -2, -2, -2, 14, 0, 0, 0, 0, 0, 0, 10, 16, 1, 2, 0]
[0, -2, 28, 42, 0, 0, 28, 28, 28, 0, -2, 14, 28, 28, 0, -2, -2, 14, 28, 0, 0, 0, 0, 0, 0, 10, 16, 1, 2, 0]
[28, 42, 70, 42, 0, 28, 28, 42, 42, 0, 28, 28, 28, 42, 0, 14, 28, 14, -2, 0, 0, 0, 0, 0, 0, 10, 16, 1, 2, 0]
[42, 70, 42, 56, 0, 28, 42, 42, 42, 0, 28, 28, 42, 0, 0, 28, 14, -2, -2, 0, 0, 0, 0, 0, 0, 10, 16, 1, 2, 0]
[0, 28, 28, 28, 0, -2, 14, 28, 28, 0, -2, -2, 14, 28, 0, 0, 0, 0, 0, 0, 0, 0, 0, 0, 0, 10, 16, 1, 2, 0]
[28, 28, 28, 42, 0, 14, 28, 28, 28, 0, -2, 14, 28, 14, 0, 0, 0, 0, 0, 0, 0, 0, 0, 0, 0, 10, 16, 1, 2, 0]
[28, 28, 42, 42, 0, 28, 28, 28, 42, 0, 14, 28, 14, -2, 0, 0, 0, 0, 0, 0, 0, 0, 0, 0, 0, 10, 16, 1, 2, 0]
[0, 0, 0, 0, 0, 0, 0, 0, 0, 0, 0, 0, 24, 24, 0, 0, 0, 24, 24, 0, 0, 0, 0, 0, 0, 10, 2, 45, 0, 0]
[0, 0, 0, 0, 0, 0, 0, 0, 0, 0, 24, 24, 24, 24, 0, 24, 24, 24, 24, 0, 0, 0, 0, 0, 0, 10, 2, 45, 0, 0]
[0, 0, 0, 0, 0, 0, 0, 0, 0, 0, 24, 24, 24, -6, 0, 24, 24, 24, 12, 0, 0, 0, 0, 0, 0, 10, 2, 45, 0, 0]
[0, 0, 0, 0, 0, 0, 0, 0, 0, 0, -2, -2, 84, 84, 0, 12, 84, 84, 84, 0, 0, 0, 0, 0, 0, 10, 2, 45, 0, 0]
[0, 0, 0, 0, 0, 0, 0, 0, 0, 0, -2, 84, 84, 84, 0, 84, 84, 84, 84, 0, 0, 0, 0, 0, 0, 10, 2, 45, 0, 0]
[0, 0, 0, 0, 0, 0, 0, 0, 0, 0, 84, 84, 84, 84, 0, 84, 84, 84, 84, 0, 0, 0, 0, 0, 0, 10, 2, 45, 0, 0]
[0, 0, 0, 0, 0, 0, 0, 0, 0, 0, 84, 84, 84, 84, 0, 84, 84, 84, 84, 0, 0, 0, 0, 0, 0, 10, 2, 45, 0, 0]
[0, 0, 0, 0, 0, 0, 0, 0, 0, 0, 84, 84, 84, 84, 0, 84, 84, 84, -2, 0, 0, 0, 0, 0, 0, 10, 2, 45, 0, 0]
[0, 0, 0, 0, 0, 0, 0, 0, 0, 0, 84, 84, 84, -2, 0, 84, 84, -2, -2, 0, 0, 0, 0, 0, 0, 10, 2, 45, 0, 0]
[0, 0, 0, 0, 0, 0, 0, 24, 24, 0, 0, 0, 24, 24, 0, 0, 0, 36, 36, 0, 0, 0, 0, 0, 0, 10, 2, 45, 0, 0]
[0, 0, 0, 0, 0, 0, 24, 24, 24, 0, 0, 24, 24, 24, 0, 0, 36, 36, 24, 0, 0, 0, 0, 0, 0, 10, 2, 45, 0, 0]
[0, 0, 0, 0, 0, 24, 24, 24, 24, 0, 24, 24, 24, 24, 0, 36, 36, 24, 36, 0, 0, 0, 0, 0, 0, 10, 2, 45, 0, 0]
[0, 0, 0, 0, 0, 24, 24, 24, -6, 0, 24, 24, 24, 12, 0, 36, 24, 36, 12, 0, 0, 0, 0, 0, 0, 10, 2, 45, 0, 0]
[0, 0, 0, 0, 0, 12, -2, -2, 84, 0, 12, 12, 84, 84, 0, 12, 98, 96, 84, 0, 0, 0, 0, 0, 0, 10, 2, 45, 0, 0]
[0, 0, 0, 0, 0, -2, -2, 84, 84, 0, 12, 84, 84, 84, 0, 98, 96, 84, 84, 0, 0, 0, 0, 0, 0, 10, 2, 45, 0, 0]
[0, 0, 0, 0, 0, 84, 84, 84, 84, 0, 84, 84, 84, 84, 0, 84, 84, 84, 84, 0, 0, 0, 0, 0, 0, 10, 2, 45, 0, 0]
[0, 0, 0, 0, 0, 84, 84, 84, 84, 0, 84, 84, 84, 84, 0, 84, 84, 84, 84, 0, 0, 0, 0, 0, 0, 10, 2, 45, 0, 0]
[0, 0, 0, 0, 0, 84, 84, 84, 84, 0, 84, 84, 84, -2, 0, 84, 84, 84, 84, 0, 0, 0, 0, 0, 0, 10, 2, 45, 0, 0]
[0, 24, 24, 24, 0, 0, 24, 24, 24, 0, 0, 36, 36, 24, 0, 0, 48, 48, 36, 0, 0, 0, 0, 0, 0, 10, 2, 45, 0, 0]
[24, 24, 24, 24, 0, 24, 24, 24, 24, 0, 36, 36, 24, 36, 0, 48, 48, 36, 24, 0, 0, 0, 0, 0, 0, 10, 2, 45, 0, 0]
[24, 24, 24, -6, 0, 24, 24, 24, 12, 0, 36, 24, 36, 12, 0, 48, 36, 24, 12, 0, 0, 0, 0, 0, 0, 10, 2, 45, 0, 0]
[-6, 12, -2, -2, 0, 12, 12, 12, 84, 0, 12, 12, 98, 96, 0, 12, 12, 98, 84, 0, 0, 0, 0, 0, 0, 10, 2, 45, 0, 0]
[12, -2, -2, 84, 0, 12, 12, 84, 84, 0, 12, 98, 96, 84, 0, 12, 98, 84, 84, 0, 0, 0, 0, 0, 0, 10, 2, 45, 0, 0]
[-2, -2, 84, 84, 0, 12, 84, 84, 84, 0, 98, 96, 84, 84, 0, 98, 84, 84, 84, 0, 0, 0, 0, 0, 0, 10, 2, 45, 0, 0]
[-2, 84, 84, 84, 0, 84, 84, 84, 84, 0, 96, 84, 84, 84, 0, 84, 84, 84, 84, 0, 0, 0, 0, 0, 0, 10, 2, 45, 0, 0]
[84, 84, 84, 84, 0, 84, 84, 84, 84, 0, 84, 84, 84, 84, 0, 84, 84, 84, 84, 0, 0, 0, 0, 0, 0, 10, 2, 45, 0, 0]
[84, 84, 84, 84, 0, 84, 84, 84, 84, 0, 84, 84, 84, 84, 0, 84, 84, 84, 84, 0, 0, 0, 0, 0, 0, 10, 2, 45, 0, 0]
[84, 84, 84, 84, 0, 84, 84, 84, -2, 0, 84, 84, 84, 84, 0, 84, 84, 84, 56, 0, 0, 0, 0, 0, 0, 10, 2, 45, 0, 0]
[84, 84, 84, -2, 0, 84, 84, -2, -2, 0, 84, 84, 84, -2, 0, 84, 84, 56, 56, 0, 0, 0, 0, 0, 0, 10, 2, 45, 0, 0]
[0, 24, 24, 24, 0, 0, 36, 36, 24, 0, 0, 48, 48, 36, 0, 0, 24, 48, 24, 0, 0, 0, 0, 0, 0, 10, 2, 45, 0, 0]
[24, 24, 24, 24, 0, 36, 36, 24, 36, 0, 48, 48, 36, 24, 0, 24, 48, 24, 24, 0, 0, 0, 0, 0, 0, 10, 2, 45, 0, 0]
[24, 24, 24, 12, 0, 36, 24, 36, 12, 0, 48, 36, 24, 12, 0, 48, 24, 24, 0, 0, 0, 0, 0, 0, 0, 10, 2, 45, 0, 0]
[12, 12, 12, 84, 0, 12, 12, 98, 96, 0, 12, 12, 98, 84, 0, 0, 12, 0, 84, 0, 0, 0, 0, 0, 0, 10, 2, 45, 0, 0]
[12, 12, 84, 84, 0, 12, 98, 96, 84, 0, 12, 98, 84, 84, 0, 12, 0, 84, 0, 0, 0, 0, 0, 0, 0, 10, 2, 45, 0, 0]
[12, 84, 84, 84, 0, 98, 96, 84, 84, 0, 98, 84, 84, 84, 0, 0, 84, 0, 69, 0, 0, 0, 0, 0, 0, 10, 2, 45, 0, 0]
[84, 84, 84, 84, 0, 96, 84, 84, 84, 0, 84, 84, 84, 84, 0, 84, 0, 69, 69, 0, 0, 0, 0, 0, 0, 10, 2, 45, 0, 0]
[84, 84, 84, 84, 0, 84, 84, 84, 84, 0, 84, 84, 84, 84, 0, 0, 69, 69, 69, 0, 0, 0, 0, 0, 0, 10, 2, 45, 0, 0]
[84, 84, 84, 84, 0, 84, 84, 84, 84, 0, 84, 84, 84, 84, 0, 69, 69, 69, 69, 0, 0, 0, 0, 0, 0, 10, 2, 45, 0, 0]
[84, 84, 84, -2, 0, 84, 84, 84, 84, 0, 84, 84, 84, 56, 0, 69, 69, 69, 69, 0, 0, 0, 0, 0, 0, 10, 2, 45, 0, 0]
[84, 84, -2, -2, 0, 84, 84, 84, -2, 0, 84, 84, 56, 56, 0, 69, 69, 69, 56, 0, 0, 0, 0, 0, 0, 10, 2, 45, 0, 0]
[84, -2, -2, 0, 0, 84, 84, -2, 0, 0, 84, 56, 56, 0, 0, 69, 69, 56, 0, 0, 0, 0, 0, 0, 0, 10, 2, 45, 0, 0]
[12, 98, 96, 84, 0, 12, 98, 84, 84, 0, 12, 0, 84, 0, 0, -6, -2, 0, -2, 0, 0, 0, 0, 0, 0, 10, 2, 45, 0, 0]
[96, 84, 84, 84, 0, 84, 84, 84, 84, 0, 84, 0, 69, 69, 0, 0, -2, -6, 69, 0, 0, 0, 0, 0, 0, 10, 2, 45, 0, 0]
[84, 84, 84, 84, 0, 84, 84, 84, 84, 0, 0, 69, 69, 69, 0, -2, -6, 69, 69, 0, 0, 0, 0, 0, 0, 10, 2, 45, 0, 0]
[84, 84, 84, 84, 0, 84, 84, 84, 56, 0, 69, 69, 69, 69, 0, 69, 69, 69, 56, 0, 0, 0, 0, 0, 0, 10, 2, 45, 0, 0]
[84, 84, -2, 0, 0, 84, 56, 56, 0, 0, 69, 69, 56, 0, 0, 69, 56, 56, 0, 0, 0, 0, 0, 0, 0, 10, 2, 45, 0, 0]
[0, 0, 48, 48, 0, 0, 0, 24, 48, 0, 0, 0, 48, 48, 0, 0, 0, 12, 48, 0, 0, 0, 0, 0, 0, 10, 2, 45, 0, 0]
[0, 48, 48, 36, 0, 0, 24, 48, 24, 0, 0, 48, 48, 48, 0, 0, 12, 48, 12, 0, 0, 0, 0, 0, 0, 10, 2, 45, 0, 0]
[48, 48, 36, 24, 0, 24, 48, 24, 24, 0, 48, 48, 48, 12, 0, 12, 48, 12, 12, 0, 0, 0, 0, 0, 0, 10, 2, 45, 0, 0]
[84, 84, 84, 84, 0, 0, 69, 69, 69, 0, -2, -6, 69, 69, 0, -2, 28, 41, 69, 0, 0, 0, 0, 0, 0, 10, 2, 45, 0, 0]
[84, 84, 84, 84, 0, 69, 69, 69, 69, 0, -6, 69, 69, 69, 0, 28, 41, 69, 41, 0, 0, 0, 0, 0, 0, 10, 2, 45, 0, 0]
[84, 84, 84, 56, 0, 69, 69, 69, 69, 0, 69, 69, 69, 56, 0, 41, 69, 41, 56, 0, 0, 0, 0, 0, 0, 10, 2, 45, 0, 0]
[84, 84, 56, 56, 0, 69, 69, 69, 56, 0, 69, 69, 56, 56, 0, 69, 41, 56, 41, 0, 0, 0, 0, 0, 0, 10, 2, 45, 0, 0]
[84, 56, 56, 0, 0, 69, 69, 56, 0, 0, 69, 56, 56, 0, 0, 41, 56, 41, 0, 0, 0, 0, 0, 0, 0, 10, 2, 45, 0, 0]
[0, 24, 48, 24, 0, 0, 48, 48, 48, 0, 0, 12, 48, 12, 0, 0, -2, 0, 12, 0, 0, 0, 0, 0, 0, 10, 2, 45, 0, 0]
[84, 0, 69, 69, 0, 0, -2, -6, 69, 0, 0, -2, 28, 41, 0, 0, 28, 28, 28, 0, 0, 0, 0, 0, 0, 10, 2, 45, 0, 0]
[0, 69, 69, 69, 0, -2, -6, 69, 69, 0, -2, 28, 41, 69, 0, 28, 28, 28, 41, 0, 0, 0, 0, 0, 0, 10, 2, 45, 0, 0]
[69, 69, 69, 69, 0, -6, 69, 69, 69, 0, 28, 41, 69, 41, 0, 28, 28, 41, 41, 0, 0, 0, 0, 0, 0, 10, 2, 45, 0, 0]
[69, 69, 69, 56, 0, 69, 69, 56, 56, 0, 69, 41, 56, 41, 0, 41, 41, 41, -2, 0, 0, 0, 0, 0, 0, 10, 2, 45, 0, 0]
[69, 69, 56, 0, 0, 69, 56, 56, 0, 0, 41, 56, 41, 0, 0, 41, 41, -2, 0, 0, 0, 0, 0, 0, 0, 10, 2, 45, 0, 0]
[-2, 0, -2, -6, 0, -2, 0, -2, 28, 0, 0, 0, 28, 28, 0, -2, -2, 15, 28, 0, 0, 0, 0, 0, 0, 10, 2, 45, 0, 0]
[0, -2, -6, 69, 0, 0, -2, 28, 41, 0, 0, 28, 28, 28, 0, -2, 15, 28, 28, 0, 0, 0, 0, 0, 0, 10, 2, 45, 0, 0]
[-6, 69, 69, 69, 0, 28, 41, 69, 41, 0, 28, 28, 41, 41, 0, 28, 28, 28, 41, 0, 0, 0, 0, 0, 0, 10, 2, 45, 0, 0]
[69, 69, 69, 56, 0, 41, 69, 41, 56, 0, 28, 41, 41, 41, 0, 28, 28, 41, 0, 0, 0, 0, 0, 0, 0, 10, 2, 45, 0, 0]
[69, 69, 56, 56, 0, 69, 41, 56, 41, 0, 41, 41, 41, -2, 0, 28, 41, 0, -4, 0, 0, 0, 0, 0, 0, 10, 2, 45, 0, 0]
[-2, 0, -2, 28, 0, 0, 0, 28, 28, 0, -2, -2, 15, 28, 0, -2, -2, -2, 15, 0, 0, 0, 0, 0, 0, 10, 2, 45, 0, 0]
[0, -2, 28, 41, 0, 0, 28, 28, 28, 0, -2, 15, 28, 28, 0, -2, -2, 15, 28, 0, 0, 0, 0, 0, 0, 10, 2, 45, 0, 0]
[28, 41, 69, 41, 0, 28, 28, 41, 41, 0, 28, 28, 28, 41, 0, 15, 28, 15, -2, 0, 0, 0, 0, 0, 0, 10, 2, 45, 0, 0]
[41, 69, 41, 56, 0, 28, 41, 41, 41, 0, 28, 28, 41, 0, 0, 28, 15, -2, -2, 0, 0, 0, 0, 0, 0, 10, 2, 45, 0, 0]
[0, 28, 28, 28, 0, -2, 15, 28, 28, 0, -2, -2, 15, 28, 0, 0, 0, 0, 0, 0, 0, 0, 0, 0, 0, 10, 2, 45, 0, 0]
[28, 28, 28, 41, 0, 15, 28, 28, 28, 0, -2, 15, 28, 15, 0, 0, 0, 0, 0, 0, 0, 0, 0, 0, 0, 10, 2, 45, 0, 0]
[28, 28, 41, 41, 0, 28, 28, 28, 41, 0, 15, 28, 15, -2, 0, 0, 0, 0, 0, 0, 0, 0, 0, 0, 0, 10, 2, 45, 0, 0]
[0, 0, 0, 0, 0, 0, 0, 0, 0, 0, 12, -6, 24, -2, 0, 12, 24, 24, 24, 0, 0, 0, 0, 0, 0, 10, 77, 37, 1, 0]
[0, 0, 0, 0, 0, 0, 0, 0, 0, 0, -2, -2, 87, 87, 0, 24, 87, 87, 87, 0, 0, 0, 0, 0, 0, 10, 77, 37, 1, 0]
[0, 0, 0, 0, 0, 0, 0, 0, 0, 0, -2, 87, 87, 87, 0, 87, 87, 87, 87, 0, 0, 0, 0, 0, 0, 10, 77, 37, 1, 0]
[0, 0, 0, 0, 0, 0, 0, 0, 0, 0, 87, 87, 87, 87, 0, 87, 87, 87, 87, 0, 0, 0, 0, 0, 0, 10, 77, 37, 1, 0]
[0, 0, 0, 0, 0, 0, 0, 0, 0, 0, 87, 87, 87, 87, 0, 87, 87, 87, 87, 0, 0, 0, 0, 0, 0, 10, 77, 37, 1, 0]
[0, 0, 0, 0, 0, 0, 0, 0, 0, 0, 87, 87, 87, 87, 0, 87, 87, 87, -2, 0, 0, 0, 0, 0, 0, 10, 77, 37, 1, 0]
[0, 0, 0, 0, 0, 0, 0, 0, 0, 0, 87, 87, 87, -2, 0, 87, 87, -2, -2, 0, 0, 0, 0, 0, 0, 10, 77, 37, 1, 0]
[0, 0, 0, 0, 0, 24, 12, -6, 24, 0, 24, 12, 24, 24, 0, 12, 36, 24, 24, 0, 0, 0, 0, 0, 0, 10, 77, 37, 1, 0]
[0, 0, 0, 0, 0, 12, -6, 24, -2, 0, 12, 24, 24, 24, 0, 36, 24, 24, 113, 0, 0, 0, 0, 0, 0, 10, 77, 37, 1, 0]
[0, 0, 0, 0, 0, -6, 24, -2, -2, 0, 24, 24, 24, 87, 0, 24, 24, 113, 111, 0, 0, 0, 0, 0, 0, 10, 77, 37, 1, 0]
[0, 0, 0, 0, 0, 24, -2, -2, 87, 0, 24, 24, 87, 87, 0, 24, 113, 111, 87, 0, 0, 0, 0, 0, 0, 10, 77, 37, 1, 0]
[0, 0, 0, 0, 0, -2, -2, 87, 87, 0, 24, 87, 87, 87, 0, 113, 111, 87, 87, 0, 0, 0, 0, 0, 0, 10, 77, 37, 1, 0]
[0, 0, 0, 0, 0, 87, 87, 87, 87, 0, 87, 87, 87, 87, 0, 87, 87, 87, 87, 0, 0, 0, 0, 0, 0, 10, 77, 37, 1, 0]
[0, 0, 0, 0, 0, 87, 87, 87, 87, 0, 87, 87, 87, 87, 0, 87, 87, 87, 87, 0, 0, 0, 0, 0, 0, 10, 77, 37, 1, 0]
[0, 0, 0, 0, 0, 87, 87, 87, 87, 0, 87, 87, 87, -2, 0, 87, 87, 87, 87, 0, 0, 0, 0, 0, 0, 10, 77, 37, 1, 0]
[24, 24, 12, -6, 0, 24, 24, 12, 24, 0, 36, 12, 36, 24, 0, 36, 24, 12, 24, 0, 0, 0, 0, 0, 0, 10, 77, 37, 1, 0]
[24, 12, -6, 24, 0, 24, 12, 24, 24, 0, 12, 36, 24, 24, 0, 24, 12, 24, 24, 0, 0, 0, 0, 0, 0, 10, 77, 37, 1, 0]
[-6, 24, -2, -2, 0, 24, 24, 24, 87, 0, 24, 24, 113, 111, 0, 24, 24, 113, 87, 0, 0, 0, 0, 0, 0, 10, 77, 37, 1, 0]
[-2, -2, 87, 87, 0, 24, 87, 87, 87, 0, 113, 111, 87, 87, 0, 113, 87, 87, 87, 0, 0, 0, 0, 0, 0, 10, 77, 37, 1, 0]
[-2, 87, 87, 87, 0, 87, 87, 87, 87, 0, 111, 87, 87, 87, 0, 87, 87, 87, 87, 0, 0, 0, 0, 0, 0, 10, 77, 37, 1, 0]
[87, 87, 87, 87, 0, 87, 87, 87, 87, 0, 87, 87, 87, 87, 0, 87, 87, 87, 87, 0, 0, 0, 0, 0, 0, 10, 77, 37, 1, 0]
[87, 87, 87, 87, 0, 87, 87, 87, 87, 0, 87, 87, 87, 87, 0, 87, 87, 87, 87, 0, 0, 0, 0, 0, 0, 10, 77, 37, 1, 0]
[87, 87, 87, 87, 0, 87, 87, 87, -2, 0, 87, 87, 87, 87, 0, 87, 87, 87, 58, 0, 0, 0, 0, 0, 0, 10, 77, 37, 1, 0]
[87, 87, 87, -2, 0, 87, 87, -2, -2, 0, 87, 87, 87, -2, 0, 87, 87, 58, 58, 0, 0, 0, 0, 0, 0, 10, 77, 37, 1, 0]
[24, 12, 24, 24, 0, 12, 36, 24, 24, 0, 24, 12, 24, 24, 0, 24, 24, 0, 24, 0, 0, 0, 0, 0, 0, 10, 77, 37, 1, 0]
[12, 24, 24, 24, 0, 36, 24, 24, 113, 0, 12, 24, 24, 113, 0, 24, 0, 24, 0, 0, 0, 0, 0, 0, 0, 10, 77, 37, 1, 0]
[24, 24, 24, 87, 0, 24, 24, 113, 111, 0, 24, 24, 113, 87, 0, 0, 24, 0, 87, 0, 0, 0, 0, 0, 0, 10, 77, 37, 1, 0]
[24, 24, 87, 87, 0, 24, 113, 111, 87, 0, 24, 113, 87, 87, 0, 24, 0, 87, 0, 0, 0, 0, 0, 0, 0, 10, 77, 37, 1, 0]
[24, 87, 87, 87, 0, 113, 111, 87, 87, 0, 113, 87, 87, 87, 0, 0, 87, 0, 72, 0, 0, 0, 0, 0, 0, 10, 77, 37, 1, 0]
[87, 87, 87, 87, 0, 111, 87, 87, 87, 0, 87, 87, 87, 87, 0, 87, 0, 72, 72, 0, 0, 0, 0, 0, 0, 10, 77, 37, 1, 0]
[87, 87, 87, 87, 0, 87, 87, 87, 87, 0, 87, 87, 87, 87, 0, 0, 72, 72, 72, 0, 0, 0, 0, 0, 0, 10, 77, 37, 1, 0]
[87, 87, 87, 87, 0, 87, 87, 87, 87, 0, 87, 87, 87, 87, 0, 72, 72, 72, 72, 0, 0, 0, 0, 0, 0, 10, 77, 37, 1, 0]
[87, 87, 87, -2, 0, 87, 87, 87, 87, 0, 87, 87, 87, 58, 0, 72, 72, 72, 72, 0, 0, 0, 0, 0, 0, 10, 77, 37, 1, 0]
[87, 87, -2, -2, 0, 87, 87, 87, -2, 0, 87, 87, 58, 58, 0, 72, 72, 72, 58, 0, 0, 0, 0, 0, 0, 10, 77, 37, 1, 0]
[87, -2, -2, 0, 0, 87, 87, -2, 0, 0, 87, 58, 58, 0, 0, 72, 72, 58, 0, 0, 0, 0, 0, 0, 0, 10, 77, 37, 1, 0]
[36, 24, 24, 113, 0, 12, 24, 24, 113, 0, 24, 0, 24, 0, 0, 24, 12, -6, -2, 0, 0, 0, 0, 0, 0, 10, 77, 37, 1, 0]
[24, 113, 111, 87, 0, 24, 113, 87, 87, 0, 24, 0, 87, 0, 0, -6, -2, 0, -2, 0, 0, 0, 0, 0, 0, 10, 77, 37, 1, 0]
[111, 87, 87, 87, 0, 87, 87, 87, 87, 0, 87, 0, 72, 72, 0, 0, -2, -6, 72, 0, 0, 0, 0, 0, 0, 10, 77, 37, 1, 0]
[87, 87, 87, 87, 0, 87, 87, 87, 87, 0, 0, 72, 72, 72, 0, -2, -6, 72, 72, 0, 0, 0, 0, 0, 0, 10, 77, 37, 1, 0]
[87, 87, 87, 87, 0, 87, 87, 87, 58, 0, 72, 72, 72, 72, 0, 72, 72, 72, 58, 0, 0, 0, 0, 0, 0, 10, 77, 37, 1, 0]
[87, 87, -2, 0, 0, 87, 58, 58, 0, 0, 72, 72, 58, 0, 0, 72, 58, 58, 0, 0, 0, 0, 0, 0, 0, 10, 77, 37, 1, 0]
[87, 87, 87, 87, 0, 0, 72, 72, 72, 0, -2, -6, 72, 72, 0, -2, 29, 43, 72, 0, 0, 0, 0, 0, 0, 10, 77, 37, 1, 0]
[87, 87, 87, 87, 0, 72, 72, 72, 72, 0, -6, 72, 72, 72, 0, 29, 43, 72, 43, 0, 0, 0, 0, 0, 0, 10, 77, 37, 1, 0]
[87, 87, 87, 58, 0, 72, 72, 72, 72, 0, 72, 72, 72, 58, 0, 43, 72, 43, 58, 0, 0, 0, 0, 0, 0, 10, 77, 37, 1, 0]
[87, 87, 58, 58, 0, 72, 72, 72, 58, 0, 72, 72, 58, 58, 0, 72, 43, 58, 43, 0, 0, 0, 0, 0, 0, 10, 77, 37, 1, 0]
[87, 58, 58, 0, 0, 72, 72, 58, 0, 0, 72, 58, 58, 0, 0, 43, 58, 43, 0, 0, 0, 0, 0, 0, 0, 10, 77, 37, 1, 0]
[87, 0, 72, 72, 0, 0, -2, -6, 72, 0, 0, -2, 29, 43, 0, 0, 29, 29, 29, 0, 0, 0, 0, 0, 0, 10, 77, 37, 1, 0]
[0, 72, 72, 72, 0, -2, -6, 72, 72, 0, -2, 29, 43, 72, 0, 29, 29, 29, 43, 0, 0, 0, 0, 0, 0, 10, 77, 37, 1, 0]
[72, 72, 72, 72, 0, -6, 72, 72, 72, 0, 29, 43, 72, 43, 0, 29, 29, 43, 43, 0, 0, 0, 0, 0, 0, 10, 77, 37, 1, 0]
[72, 72, 72, 58, 0, 72, 72, 58, 58, 0, 72, 43, 58, 43, 0, 43, 43, 43, -2, 0, 0, 0, 0, 0, 0, 10, 77, 37, 1, 0]
[72, 72, 58, 0, 0, 72, 58, 58, 0, 0, 43, 58, 43, 0, 0, 43, 43, -2, 0, 0, 0, 0, 0, 0, 0, 10, 77, 37, 1, 0]
[-2, 0, -2, -6, 0, -2, 0, -2, 29, 0, 0, 0, 29, 29, 0, -2, -2, 15, 29, 0, 0, 0, 0, 0, 0, 10, 77, 37, 1, 0]
[0, -2, -6, 72, 0, 0, -2, 29, 43, 0, 0, 29, 29, 29, 0, -2, 15, 29, 29, 0, 0, 0, 0, 0, 0, 10, 77, 37, 1, 0]
[-6, 72, 72, 72, 0, 29, 43, 72, 43, 0, 29, 29, 43, 43, 0, 29, 29, 29, 43, 0, 0, 0, 0, 0, 0, 10, 77, 37, 1, 0]
[72, 72, 72, 58, 0, 43, 72, 43, 58, 0, 29, 43, 43, 43, 0, 29, 29, 43, 0, 0, 0, 0, 0, 0, 0, 10, 77, 37, 1, 0]
[72, 72, 58, 58, 0, 72, 43, 58, 43, 0, 43, 43, 43, -2, 0, 29, 43, 0, -4, 0, 0, 0, 0, 0, 0, 10, 77, 37, 1, 0]
[-2, 0, -2, 29, 0, 0, 0, 29, 29, 0, -2, -2, 15, 29, 0, -2, -2, -2, 15, 0, 0, 0, 0, 0, 0, 10, 77, 37, 1, 0]
[0, -2, 29, 43, 0, 0, 29, 29, 29, 0, -2, 15, 29, 29, 0, -2, -2, 15, 29, 0, 0, 0, 0, 0, 0, 10, 77, 37, 1, 0]
[29, 43, 72, 43, 0, 29, 29, 43, 43, 0, 29, 29, 29, 43, 0, 15, 29, 15, -2, 0, 0, 0, 0, 0, 0, 10, 77, 37, 1, 0]
[43, 72, 43, 58, 0, 29, 43, 43, 43, 0, 29, 29, 43, 0, 0, 29, 15, -2, -2, 0, 0, 0, 0, 0, 0, 10, 77, 37, 1, 0]
[0, 29, 29, 29, 0, -2, 15, 29, 29, 0, -2, -2, 15, 29, 0, 0, 0, 0, 0, 0, 0, 0, 0, 0, 0, 10, 77, 37, 1, 0]
